%YAML:1.0
---
Date: "2022.24.5--12:05:18"
CountImg: 10
RMSE: 1.4176921383894189e-01
MeanErr: 8.3934988037430247e-01
CameraMatrix: !!opencv-matrix
   rows: 3
   cols: 3
   dt: d
   data: [ 8.4933931468540709e+02, 0., 3.3712869489339653e+02, 0.,
       8.4487125728218723e+02, 2.3301840728868356e+02, 0., 0., 1. ]
DistCoeffs: !!opencv-matrix
   rows: 1
   cols: 5
   dt: d
   data: [ -4.7771533498589376e-02, 2.7496094264452351e+00,
       -9.1759660317390444e-03, 3.8603202369232540e-03,
       -1.3386093421000623e+01 ]
R:
   - !!opencv-matrix
      rows: 3
      cols: 1
      dt: d
      data: [ 2.9909047492536436e+00, -7.9531708960431061e-02,
          9.7857567971200640e-02 ]
   - !!opencv-matrix
      rows: 3
      cols: 1
      dt: d
      data: [ 2.9293681875790547e+00, -4.2541861365089022e-02,
          2.9341099046169593e-03 ]
   - !!opencv-matrix
      rows: 3
      cols: 1
      dt: d
      data: [ 2.8971155372739807e+00, -6.3858575652526950e-02,
          -2.3755927847692701e-03 ]
   - !!opencv-matrix
      rows: 3
      cols: 1
      dt: d
      data: [ 2.9062682035065719e+00, -1.7507847966981051e-02,
          1.0317490351149046e-01 ]
   - !!opencv-matrix
      rows: 3
      cols: 1
      dt: d
      data: [ 2.9861709388663540e+00, -3.1935587207240386e-02,
          4.4474433212266781e-02 ]
   - !!opencv-matrix
      rows: 3
      cols: 1
      dt: d
      data: [ 3.0455062787032610e+00, -4.1150663076528607e-02,
          1.8213455612787040e-02 ]
   - !!opencv-matrix
      rows: 3
      cols: 1
      dt: d
      data: [ 3.0276155446800490e+00, -9.3156425830856551e-02,
          3.2764989434148944e-01 ]
   - !!opencv-matrix
      rows: 3
      cols: 1
      dt: d
      data: [ 3.0531034651268207e+00, -1.5197934930647802e-01,
          2.0027210629942785e-01 ]
   - !!opencv-matrix
      rows: 3
      cols: 1
      dt: d
      data: [ 2.7691598002492284e+00, -8.8255844659216529e-03,
          9.4310955355531390e-01 ]
   - !!opencv-matrix
      rows: 3
      cols: 1
      dt: d
      data: [ 2.8141976931212196e+00, -1.2541487105122640e-01,
          8.3011332925709957e-01 ]
T:
   - !!opencv-matrix
      rows: 3
      cols: 1
      dt: d
      data: [ -1.5586155822270839e-01, 7.1932755288258751e-02,
          6.6066884462727615e-01 ]
   - !!opencv-matrix
      rows: 3
      cols: 1
      dt: d
      data: [ -1.3855860426898439e-01, 1.5698424675571657e-01,
          6.3360295836019143e-01 ]
   - !!opencv-matrix
      rows: 3
      cols: 1
      dt: d
      data: [ -5.3435883629496465e-02, 1.4185363016187286e-01,
          6.1008563110132619e-01 ]
   - !!opencv-matrix
      rows: 3
      cols: 1
      dt: d
      data: [ 1.1471766735076366e-03, 1.2963217043262454e-01,
          6.0446766508097416e-01 ]
   - !!opencv-matrix
      rows: 3
      cols: 1
      dt: d
      data: [ -2.6400584563140837e-02, 4.2053582093662389e-02,
          6.1140460170228061e-01 ]
   - !!opencv-matrix
      rows: 3
      cols: 1
      dt: d
      data: [ -3.9936118672200274e-02, -1.2194614911718296e-02,
          6.0128214733491059e-01 ]
   - !!opencv-matrix
      rows: 3
      cols: 1
      dt: d
      data: [ -1.0653768004711675e-01, 1.9701136180164305e-02,
          5.6181916727511150e-01 ]
   - !!opencv-matrix
      rows: 3
      cols: 1
      dt: d
      data: [ -2.0164058415272149e-02, 5.9581469781304845e-02,
          5.3249899382657784e-01 ]
   - !!opencv-matrix
      rows: 3
      cols: 1
      dt: d
      data: [ -1.1653657177162695e-01, 1.1902723603122534e-01,
          6.4089587412540472e-01 ]
   - !!opencv-matrix
      rows: 3
      cols: 1
      dt: d
      data: [ -1.4093396805180600e-01, -1.0176845235366052e-02,
          6.3767702679347205e-01 ]
Size: [ 480, 640 ]
objectPoints:
   - [ 2.09999997e-02, 2.09999997e-02, 0., 4.19999994e-02,
       2.09999997e-02, 0., 6.30000010e-02, 2.09999997e-02, 0.,
       8.39999989e-02, 2.09999997e-02, 0., 1.04999997e-01,
       2.09999997e-02, 0., 1.26000002e-01, 2.09999997e-02, 0.,
       1.47000000e-01, 2.09999997e-02, 0., 1.67999998e-01,
       2.09999997e-02, 0., 2.09999997e-02, 4.19999994e-02, 0.,
       4.19999994e-02, 4.19999994e-02, 0., 6.30000010e-02,
       4.19999994e-02, 0., 8.39999989e-02, 4.19999994e-02, 0.,
       1.04999997e-01, 4.19999994e-02, 0., 1.26000002e-01,
       4.19999994e-02, 0., 1.47000000e-01, 4.19999994e-02, 0.,
       1.67999998e-01, 4.19999994e-02, 0., 2.09999997e-02,
       6.30000010e-02, 0., 4.19999994e-02, 6.30000010e-02, 0.,
       6.30000010e-02, 6.30000010e-02, 0., 8.39999989e-02,
       6.30000010e-02, 0., 1.04999997e-01, 6.30000010e-02, 0.,
       1.26000002e-01, 6.30000010e-02, 0., 1.47000000e-01,
       6.30000010e-02, 0., 1.67999998e-01, 6.30000010e-02, 0.,
       2.09999997e-02, 8.39999989e-02, 0., 4.19999994e-02,
       8.39999989e-02, 0., 6.30000010e-02, 8.39999989e-02, 0.,
       8.39999989e-02, 8.39999989e-02, 0., 1.04999997e-01,
       8.39999989e-02, 0., 1.26000002e-01, 8.39999989e-02, 0.,
       1.47000000e-01, 8.39999989e-02, 0., 1.67999998e-01,
       8.39999989e-02, 0., 2.09999997e-02, 1.04999997e-01, 0.,
       4.19999994e-02, 1.04999997e-01, 0., 6.30000010e-02,
       1.04999997e-01, 0., 8.39999989e-02, 1.04999997e-01, 0.,
       1.04999997e-01, 1.04999997e-01, 0., 1.26000002e-01,
       1.04999997e-01, 0., 1.47000000e-01, 1.04999997e-01, 0.,
       1.67999998e-01, 1.04999997e-01, 0. ]
   - [ 2.09999997e-02, 2.09999997e-02, 0., 4.19999994e-02,
       2.09999997e-02, 0., 6.30000010e-02, 2.09999997e-02, 0.,
       8.39999989e-02, 2.09999997e-02, 0., 1.04999997e-01,
       2.09999997e-02, 0., 1.26000002e-01, 2.09999997e-02, 0.,
       1.47000000e-01, 2.09999997e-02, 0., 1.67999998e-01,
       2.09999997e-02, 0., 2.09999997e-02, 4.19999994e-02, 0.,
       4.19999994e-02, 4.19999994e-02, 0., 6.30000010e-02,
       4.19999994e-02, 0., 8.39999989e-02, 4.19999994e-02, 0.,
       1.04999997e-01, 4.19999994e-02, 0., 1.26000002e-01,
       4.19999994e-02, 0., 1.47000000e-01, 4.19999994e-02, 0.,
       1.67999998e-01, 4.19999994e-02, 0., 2.09999997e-02,
       6.30000010e-02, 0., 4.19999994e-02, 6.30000010e-02, 0.,
       6.30000010e-02, 6.30000010e-02, 0., 8.39999989e-02,
       6.30000010e-02, 0., 1.04999997e-01, 6.30000010e-02, 0.,
       1.26000002e-01, 6.30000010e-02, 0., 1.47000000e-01,
       6.30000010e-02, 0., 1.67999998e-01, 6.30000010e-02, 0.,
       2.09999997e-02, 8.39999989e-02, 0., 4.19999994e-02,
       8.39999989e-02, 0., 6.30000010e-02, 8.39999989e-02, 0.,
       8.39999989e-02, 8.39999989e-02, 0., 1.04999997e-01,
       8.39999989e-02, 0., 1.26000002e-01, 8.39999989e-02, 0.,
       1.47000000e-01, 8.39999989e-02, 0., 1.67999998e-01,
       8.39999989e-02, 0., 2.09999997e-02, 1.04999997e-01, 0.,
       4.19999994e-02, 1.04999997e-01, 0., 6.30000010e-02,
       1.04999997e-01, 0., 1.26000002e-01, 1.04999997e-01, 0.,
       1.47000000e-01, 1.04999997e-01, 0., 1.67999998e-01,
       1.04999997e-01, 0. ]
   - [ 2.09999997e-02, 2.09999997e-02, 0., 4.19999994e-02,
       2.09999997e-02, 0., 6.30000010e-02, 2.09999997e-02, 0.,
       8.39999989e-02, 2.09999997e-02, 0., 1.04999997e-01,
       2.09999997e-02, 0., 1.26000002e-01, 2.09999997e-02, 0.,
       1.47000000e-01, 2.09999997e-02, 0., 1.67999998e-01,
       2.09999997e-02, 0., 2.09999997e-02, 4.19999994e-02, 0.,
       4.19999994e-02, 4.19999994e-02, 0., 6.30000010e-02,
       4.19999994e-02, 0., 8.39999989e-02, 4.19999994e-02, 0.,
       1.04999997e-01, 4.19999994e-02, 0., 1.26000002e-01,
       4.19999994e-02, 0., 1.47000000e-01, 4.19999994e-02, 0.,
       1.67999998e-01, 4.19999994e-02, 0., 2.09999997e-02,
       6.30000010e-02, 0., 4.19999994e-02, 6.30000010e-02, 0.,
       6.30000010e-02, 6.30000010e-02, 0., 8.39999989e-02,
       6.30000010e-02, 0., 1.04999997e-01, 6.30000010e-02, 0.,
       1.26000002e-01, 6.30000010e-02, 0., 1.47000000e-01,
       6.30000010e-02, 0., 1.67999998e-01, 6.30000010e-02, 0.,
       2.09999997e-02, 8.39999989e-02, 0., 4.19999994e-02,
