%YAML:1.0
---
Date: "2022.26.5--12:30:21"
CountImg: 5
RMSE: 1.1599422690681443e-01
MeanErr: 8.4002115074469308e-01
CameraMatrix: !!opencv-matrix
   rows: 3
   cols: 3
   dt: d
   data: [ 8.3887430898334674e+02, 0., 3.1550660841977339e+02, 0.,
       8.3653339209241790e+02, 2.2600680081076993e+02, 0., 0., 1. ]
DistCoeffs: !!opencv-matrix
   rows: 1
   cols: 5
   dt: d
   data: [ 1.1714148179967279e-01, -8.2229843883625739e-02,
       -1.1483006023733552e-02, 3.3777376116832882e-03,
       7.9682595934233569e-01 ]
R:
   - !!opencv-matrix
      rows: 3
      cols: 1
      dt: d
      data: [ -1.0886287031645756e-01, -3.3044246082699264e-03,
          -1.4096480375104593e-02 ]
   - !!opencv-matrix
      rows: 3
      cols: 1
      dt: d
      data: [ -1.4082259603580932e-01, -1.0699945587362762e-01,
          9.8041230415133712e-02 ]
   - !!opencv-matrix
      rows: 3
      cols: 1
      dt: d
      data: [ -6.8644036804111386e-01, -2.4346950152901520e-01,
          -1.0010405002047479e-01 ]
   - !!opencv-matrix
      rows: 3
      cols: 1
      dt: d
      data: [ -5.3485959714586884e-01, -6.4145001775210186e-01,
          -2.0185084569701509e-01 ]
   - !!opencv-matrix
      rows: 3
      cols: 1
      dt: d
      data: [ -2.8005256928090311e-01, 4.3484967869693780e-01,
          -1.0850213907654573e-01 ]
T:
   - !!opencv-matrix
      rows: 3
      cols: 1
      dt: d
      data: [ -1.4560010262327711e-01, -1.1556337359021266e-02,
          7.2778664117953806e-01 ]
   - !!opencv-matrix
      rows: 3
      cols: 1
      dt: d
      data: [ -6.6236679671800108e-02, -1.5299478306400021e-03,
          7.5502881369932706e-01 ]
   - !!opencv-matrix
      rows: 3
      cols: 1
      dt: d
      data: [ -2.1665539675809625e-01, 4.4065412308732350e-02,
          6.9761314870953306e-01 ]
   - !!opencv-matrix
      rows: 3
      cols: 1
      dt: d
      data: [ -2.4615835948857712e-01, 4.5711425244879908e-02,
          6.7590299690898514e-01 ]
   - !!opencv-matrix
      rows: 3
      cols: 1
      dt: d
      data: [ -2.1992306684450347e-01, -8.7427401135533378e-02,
          7.4542745673114041e-01 ]
Size: [ 480, 640 ]
objectPoints:
   - [ 0., 0., 0., 2.09999997e-02, 0., 0., 4.19999994e-02, 0., 0.,
       6.30000010e-02, 0., 0., 8.39999989e-02, 0., 0., 1.04999997e-01,
       0., 0., 1.26000002e-01, 0., 0., 1.47000000e-01, 0., 0.,
       1.67999998e-01, 0., 0., 0., 2.09999997e-02, 0., 2.09999997e-02,
       2.09999997e-02, 0., 4.19999994e-02, 2.09999997e-02, 0.,
       6.30000010e-02, 2.09999997e-02, 0., 8.39999989e-02,
       2.09999997e-02, 0., 1.04999997e-01, 2.09999997e-02, 0.,
       1.26000002e-01, 2.09999997e-02, 0., 1.47000000e-01,
       2.09999997e-02, 0., 1.67999998e-01, 2.09999997e-02, 0., 0.,
       4.19999994e-02, 0., 2.09999997e-02, 4.19999994e-02, 0.,
       4.19999994e-02, 4.19999994e-02, 0., 6.30000010e-02,
       4.19999994e-02, 0., 8.39999989e-02, 4.19999994e-02, 0.,
       1.04999997e-01, 4.19999994e-02, 0., 1.26000002e-01,
       4.19999994e-02, 0., 1.47000000e-01, 4.19999994e-02, 0.,
       1.67999998e-01, 4.19999994e-02, 0., 0., 6.30000010e-02, 0.,
       2.09999997e-02, 6.30000010e-02, 0., 4.19999994e-02,
       6.30000010e-02, 0., 6.30000010e-02, 6.30000010e-02, 0.,
       8.39999989e-02, 6.30000010e-02, 0., 1.04999997e-01,
       6.30000010e-02, 0., 1.26000002e-01, 6.30000010e-02, 0.,
       1.47000000e-01, 6.30000010e-02, 0., 1.67999998e-01,
       6.30000010e-02, 0., 0., 8.39999989e-02, 0., 2.09999997e-02,
       8.39999989e-02, 0., 4.19999994e-02, 8.39999989e-02, 0.,
       6.30000010e-02, 8.39999989e-02, 0., 8.39999989e-02,
       8.39999989e-02, 0., 1.04999997e-01, 8.39999989e-02, 0.,
       1.26000002e-01, 8.39999989e-02, 0., 1.47000000e-01,
       8.39999989e-02, 0., 1.67999998e-01, 8.39999989e-02, 0., 0.,
       1.04999997e-01, 0., 2.09999997e-02, 1.04999997e-01, 0.,
       4.19999994e-02, 1.04999997e-01, 0., 6.30000010e-02,
       1.04999997e-01, 0., 8.39999989e-02, 1.04999997e-01, 0.,
       1.04999997e-01, 1.04999997e-01, 0., 1.26000002e-01,
       1.04999997e-01, 0., 1.47000000e-01, 1.04999997e-01, 0.,
       1.67999998e-01, 1.04999997e-01, 0. ]
   - [ 0., 0., 0., 2.09999997e-02, 0., 0., 4.19999994e-02, 0., 0.,
       6.30000010e-02, 0., 0., 8.39999989e-02, 0., 0., 1.04999997e-01,
       0., 0., 1.26000002e-01, 0., 0., 1.47000000e-01, 0., 0.,
       1.67999998e-01, 0., 0., 0., 2.09999997e-02, 0., 2.09999997e-02,
       2.09999997e-02, 0., 4.19999994e-02, 2.09999997e-02, 0.,
       6.30000010e-02, 2.09999997e-02, 0., 8.39999989e-02,
       2.09999997e-02, 0., 1.04999997e-01, 2.09999997e-02, 0.,
       1.26000002e-01, 2.09999997e-02, 0., 1.47000000e-01,
       2.09999997e-02, 0., 1.67999998e-01, 2.09999997e-02, 0., 0.,
       4.19999994e-02, 0., 2.09999997e-02, 4.19999994e-02, 0.,
       4.19999994e-02, 4.19999994e-02, 0., 6.30000010e-02,
       4.19999994e-02, 0., 8.39999989e-02, 4.19999994e-02, 0.,
       1.04999997e-01, 4.19999994e-02, 0., 1.26000002e-01,
       4.19999994e-02, 0., 1.47000000e-01, 4.19999994e-02, 0.,
       1.67999998e-01, 4.19999994e-02, 0., 0., 6.30000010e-02, 0.,
       2.09999997e-02, 6.30000010e-02, 0., 4.19999994e-02,
       6.30000010e-02, 0., 6.30000010e-02, 6.30000010e-02, 0.,
       8.39999989e-02, 6.30000010e-02, 0., 1.04999997e-01,
       6.30000010e-02, 0., 1.26000002e-01, 6.30000010e-02, 0.,
       1.47000000e-01, 6.30000010e-02, 0., 1.67999998e-01,
       6.30000010e-02, 0., 0., 8.39999989e-02, 0., 2.09999997e-02,
       8.39999989e-02, 0., 4.19999994e-02, 8.39999989e-02, 0.,
       6.30000010e-02, 8.39999989e-02, 0., 8.39999989e-02,
       8.39999989e-02, 0., 1.04999997e-01, 8.39999989e-02, 0.,
       1.26000002e-01, 8.39999989e-02, 0., 1.47000000e-01,
       8.39999989e-02, 0., 1.67999998e-01, 8.39999989e-02, 0., 0.,
       1.04999997e-01, 0., 2.09999997e-02, 1.04999997e-01, 0.,
       4.19999994e-02, 1.04999997e-01, 0., 6.30000010e-02,
       1.04999997e-01, 0., 8.39999989e-02, 1.04999997e-01, 0.,
       1.04999997e-01, 1.04999997e-01, 0., 1.26000002e-01,
       1.04999997e-01, 0., 1.47000000e-01, 1.04999997e-01, 0.,
       1.67999998e-01, 1.04999997e-01, 0. ]
   - [ 0., 0., 0., 2.09999997e-02, 0., 0., 4.19999994e-02, 0., 0.,
       6.30000010e-02, 0., 0., 8.39999989e-02, 0., 0., 1.04999997e-01,
       0., 0., 1.26000002e-01, 0., 0., 1.47000000e-01, 0., 0.,
       1.67999998e-01, 0., 0., 0., 2.09999997e-02, 0., 2.09999997e-02,
       2.09999997e-02, 0., 4.19999994e-02, 2.09999997e-02, 0.,
       6.30000010e-02, 2.09999997e-02, 0., 8.39999989e-02,
       2.09999997e-02, 0., 1.04999997e-01, 2.09999997e-02, 0.,
       1.26000002e-01, 2.09999997e-02, 0., 1.47000000e-01,
       2.09999997e-02, 0., 1.67999998e-01, 2.09999997e-02, 0., 0.,
       4.19999994e-02, 0., 2.09999997e-02, 4.19999994e-02, 0.,
       4.19999994e-02, 4.19999994e-02, 0., 6.30000010e-02,
       4.19999994e-02, 0., 8.39999989e-02, 4.19999994e-02, 0.,
       1.04999997e-01, 4.19999994e-02, 0., 1.26000002e-01,
       4.19999994e-02, 0., 1.47000000e-01, 4.19999994e-02, 0.,
       1.67999998e-01, 4.19999994e-02, 0., 0., 6.30000010e-02, 0.,
       2.09999997e-02, 6.30000010e-02, 0., 4.19999994e-02,
       6.30000010e-02, 0., 6.30000010e-02, 6.30000010e-02, 0.,
       8.39999989e-02, 6.30000010e-02, 0., 1.04999997e-01,
       6.30000010e-02, 0., 1.26000002e-01, 6.30000010e-02, 0.,
       1.47000000e-01, 6.30000010e-02, 0., 1.67999998e-01,
       6.30000010e-02, 0., 0., 8.39999989e-02, 0., 2.09999997e-02,
       8.39999989e-02, 0., 4.19999994e-02, 8.39999989e-02, 0.,
       6.30000010e-02, 8.39999989e-02, 0., 8.39999989e-02,
       8.39999989e-02, 0., 1.04999997e-01, 8.39999989e-02, 0.,
       1.26000002e-01, 8.39999989e-02, 0., 1.47000000e-01,
       8.39999989e-02, 0., 1.67999998e-01, 8.39999989e-02, 0., 0.,
       1.04999997e-01, 0., 2.09999997e-02, 1.04999997e-01, 0.,
       4.19999994e-02, 1.04999997e-01, 0., 6.30000010e-02,
       1.04999997e-01, 0., 8.39999989e-02, 1.04999997e-01, 0.,
