%YAML:1.0
---
Date: "2021.25.11--21:56:41"
Pattern: Circle
SizePattern: "9 x 6"
CountImg: 95
RMSE: 1.5980960081956250e-01
CameraMatrix: !!opencv-matrix
   rows: 3
   cols: 3
   dt: d
   data: [ 5.9910242649781162e+02, 0., 3.2034516595790615e+02, 0.,
       5.9740352045532836e+02, 2.3978572304256514e+02, 0., 0., 1. ]
DistCoeffs: !!opencv-matrix
   rows: 1
   cols: 5
   dt: d
   data: [ 2.6938517113651861e-02, 1.2347984239821041e-02,
       -6.1959916904881347e-05, 1.3688734088592505e-03,
       -1.2136642853336858e-01 ]
R:
   - !!opencv-matrix
      rows: 3
      cols: 1
      dt: d
      data: [ 1.2579733624072669e-02, -1.0405636407800971e-01,
          1.2142346241392245e-01 ]
   - !!opencv-matrix
      rows: 3
      cols: 1
      dt: d
      data: [ -5.8425795516961872e-02, -1.9204991213720907e-02,
          1.8127692109366930e-01 ]
   - !!opencv-matrix
      rows: 3
      cols: 1
      dt: d
      data: [ -5.2322449809240126e-02, -5.6372586870123203e-03,
          -3.1286684450155006e-01 ]
   - !!opencv-matrix
      rows: 3
      cols: 1
      dt: d
      data: [ -8.6045249925187139e-02, 2.3802541537415797e-01,
          1.8081748842276157e-01 ]
   - !!opencv-matrix
      rows: 3
      cols: 1
      dt: d
      data: [ -4.2294212593666775e-01, -2.2161539400084414e-02,
          -1.5531924933616307e-02 ]
   - !!opencv-matrix
      rows: 3
      cols: 1
      dt: d
      data: [ 1.3802176097756835e-01, 2.5803177967590970e-03,
          1.4813647134383098e-01 ]
   - !!opencv-matrix
      rows: 3
      cols: 1
      dt: d
      data: [ -2.3676256163917803e-01, -6.1954999889996601e-03,
          6.4399237555824843e-02 ]
   - !!opencv-matrix
      rows: 3
      cols: 1
      dt: d
      data: [ -7.4579740962692403e-02, 2.9854093516622809e-01,
          8.6104867829108575e-02 ]
   - !!opencv-matrix
      rows: 3
      cols: 1
      dt: d
      data: [ 1.8523689631157376e-02, -8.2280231585648723e-03,
          1.1930817334615409e-01 ]
   - !!opencv-matrix
      rows: 3
      cols: 1
      dt: d
      data: [ -6.0098741138484041e-02, -2.4855398218023340e-02,
          1.0175678558241423e-01 ]
   - !!opencv-matrix
      rows: 3
      cols: 1
      dt: d
      data: [ -5.5374887283770276e-02, -2.4997712688208648e-02,
          1.6168796131954641e-01 ]
   - !!opencv-matrix
      rows: 3
      cols: 1
      dt: d
      data: [ 3.9526148793809064e-02, -9.9624459780337793e-03,
          3.3236980703990768e-02 ]
   - !!opencv-matrix
      rows: 3
      cols: 1
      dt: d
      data: [ -4.4710949780669695e-02, -2.1437692826448776e-01,
          2.0163357782920738e-01 ]
   - !!opencv-matrix
      rows: 3
      cols: 1
      dt: d
      data: [ -8.3208329280587013e-03, -9.7888084848945942e-02,
          -5.4599104479059267e-02 ]
   - !!opencv-matrix
      rows: 3
      cols: 1
      dt: d
      data: [ -2.2568125731871774e-01, 3.4780770332827622e-02,
          -3.7142484050539853e-02 ]
   - !!opencv-matrix
      rows: 3
      cols: 1
      dt: d
      data: [ -3.6501720393306063e-02, 1.4481560941694557e-01,
          -1.6158261026745604e-01 ]
   - !!opencv-matrix
      rows: 3
      cols: 1
      dt: d
      data: [ -1.5522370639659028e-01, 5.8926341572856866e-02,
          -1.3320255542706302e-01 ]
   - !!opencv-matrix
      rows: 3
      cols: 1
      dt: d
      data: [ -4.3537244255722592e-02, 2.5323834535319129e-01,
          -5.7730435552179549e-02 ]
   - !!opencv-matrix
      rows: 3
      cols: 1
      dt: d
      data: [ -1.6381654051602509e-01, 3.8043487093035531e-02,
          -3.7359518531159658e-01 ]
   - !!opencv-matrix
      rows: 3
      cols: 1
      dt: d
      data: [ -9.2696833932545769e-02, 2.0147690913109384e-01,
          3.1007180521018429e-01 ]
   - !!opencv-matrix
      rows: 3
      cols: 1
      dt: d
      data: [ -3.5187774254680240e-02, -1.7566249156336902e-01,
          2.5782844223704804e-01 ]
   - !!opencv-matrix
      rows: 3
      cols: 1
      dt: d
      data: [ -2.9828309437607294e-03, -1.5352119435081837e-01,
          3.9214053290292740e-02 ]
   - !!opencv-matrix
      rows: 3
      cols: 1
      dt: d
      data: [ -3.7973498681244784e-02, -1.0956860352652857e-01,
          5.7993911375682008e-02 ]
   - !!opencv-matrix
      rows: 3
      cols: 1
      dt: d
      data: [ 3.4122967566915102e-02, 3.2612488816877875e-03,
          3.9637582147648696e-02 ]
   - !!opencv-matrix
      rows: 3
      cols: 1
      dt: d
      data: [ -4.4549499866225674e-02, 2.8091922358341789e-02,
          -2.4836213716323879e-01 ]
   - !!opencv-matrix
      rows: 3
      cols: 1
      dt: d
      data: [ -5.3078985764739087e-02, -2.7799946421293412e-02,
          2.6073893642373523e-02 ]
   - !!opencv-matrix
      rows: 3
      cols: 1
      dt: d
      data: [ -5.1077575694068650e-02, 1.1467439867679209e-02,
          -1.6943725412048893e-01 ]
   - !!opencv-matrix
      rows: 3
      cols: 1
      dt: d
      data: [ -6.0776522729807839e-02, 1.3475418846996193e-02,
          -2.5326328909197748e-01 ]
   - !!opencv-matrix
      rows: 3
      cols: 1
      dt: d
      data: [ -1.7266466585965166e-02, -1.0388117434422254e-02,
          8.9007196037542549e-02 ]
   - !!opencv-matrix
      rows: 3
      cols: 1
      dt: d
      data: [ -6.7650324777955115e-02, -2.8355301271291464e-02,
          4.7324822464207592e-02 ]
   - !!opencv-matrix
      rows: 3
      cols: 1
      dt: d
      data: [ 1.1732346395532725e-01, 4.2487264343553793e-02,
          5.3396858153721950e-02 ]
   - !!opencv-matrix
      rows: 3
      cols: 1
      dt: d
      data: [ -1.1591586669439220e-01, 9.0248624994429538e-02,
          4.5696831921341982e-02 ]
   - !!opencv-matrix
      rows: 3
      cols: 1
      dt: d
      data: [ -1.4341124482028192e-01, 3.4652687899565765e-01,
          -5.7939078696221273e-02 ]
   - !!opencv-matrix
      rows: 3
      cols: 1
      dt: d
      data: [ -6.0706910280459873e-02, -2.7838541553603827e-02,
          -2.2355656365544908e-02 ]
   - !!opencv-matrix
      rows: 3
      cols: 1
      dt: d
      data: [ -2.3133651216139245e-01, 2.2861276276950598e-01,
          7.3379259350991863e-02 ]
   - !!opencv-matrix
      rows: 3
      cols: 1
      dt: d
      data: [ 1.2003542990001057e-01, 3.5126320588503207e-01,
          1.3669331761135786e-04 ]
   - !!opencv-matrix
      rows: 3
      cols: 1
      dt: d
      data: [ -1.5810750291874082e-02, 5.5329274074734161e-02,
          9.4128777993235643e-02 ]
   - !!opencv-matrix
      rows: 3
      cols: 1
      dt: d
      data: [ 2.9858201467447432e-01, 6.2894406007064113e-02,
          -9.2612565125998497e-02 ]
   - !!opencv-matrix
      rows: 3
      cols: 1
      dt: d
      data: [ 2.4316173399596244e-01, 5.6021552971877601e-02,
          -1.0686483673360953e-01 ]
   - !!opencv-matrix
      rows: 3
      cols: 1
      dt: d
      data: [ -1.1278855953688815e-02, 5.6047227851071760e-02,
          -8.3006873410678514e-02 ]
   - !!opencv-matrix
      rows: 3
      cols: 1
      dt: d
      data: [ -2.0661734483288674e-02, 2.1249730666293168e-01,
          1.6108608316912618e-01 ]
   - !!opencv-matrix
      rows: 3
      cols: 1
      dt: d
      data: [ 1.4545646090632780e-01, 1.4823259734451022e-01,
          6.4385451608496835e-01 ]
   - !!opencv-matrix
      rows: 3
      cols: 1
      dt: d
      data: [ 2.4313232860211472e-02, -1.4005107153979469e-02,
          -2.0618759266706328e-02 ]
   - !!opencv-matrix
      rows: 3
      cols: 1
      dt: d
      data: [ -1.3420764874112331e-02, 4.8648537280631808e-02,
          3.0050978557846575e-01 ]
   - !!opencv-matrix
      rows: 3
      cols: 1
      dt: d
      data: [ -1.9515386853559469e-01, 1.9628867382197535e-01,
          3.1716969970860981e-01 ]
   - !!opencv-matrix
      rows: 3
      cols: 1
      dt: d
      data: [ -1.0359826776178940e-01, 2.3537413992714240e-01,
          6.0837443873502255e-02 ]
   - !!opencv-matrix
      rows: 3
      cols: 1
      dt: d
      data: [ -2.3467626925451908e-02, 2.8506141825192621e-01,
