%YAML:1.0
---
Date: "2022.24.5--19:36:49"
Pattern: Chessboard
SizePattern: "5 x 8"
CountPair: 10
RMSE: 2.7539677917339102e+01
AverageReprojectionErr: 3.7686414909362793e+00
cameraMatrixFirst: !!opencv-matrix
   rows: 3
   cols: 3
   dt: d
   data: [ 7.8878165510527811e+02, 0., 2.8527717075471116e+02, 0.,
       7.9640600112180539e+02, 2.7743326697961538e+02, 0., 0., 1. ]
cameraMatrixSecond: !!opencv-matrix
   rows: 3
   cols: 3
   dt: d
   data: [ 7.7992197951839557e+02, 0., 3.0778486784487080e+02, 0.,
       7.8645068663066138e+02, 2.7393266334185597e+02, 0., 0., 1. ]
DistCoeffsFirst: !!opencv-matrix
   rows: 1
   cols: 5
   dt: d
   data: [ 1.3868283763971043e-01, -5.7884431540456571e-01,
       -1.3540656510750270e-02, -2.0491067750520404e-02,
       3.7779958843329857e+00 ]
DistCoeffsSecond: !!opencv-matrix
   rows: 1
   cols: 5
   dt: d
   data: [ 4.3949587938293962e-02, 8.6495970726871962e-01,
       -7.7692636884521618e-03, -1.4605618602351108e-03,
       -2.0675929623974691e+00 ]
R: !!opencv-matrix
   rows: 3
   cols: 3
   dt: d
   data: [ 9.9581047521716937e-01, 2.6663827240024519e-03,
       -9.1402340511194918e-02, -4.6156188818904228e-03,
       9.9976626932469848e-01, -2.1121145397720396e-02,
       9.1324659923223472e-02, 2.1454536204347324e-02,
       9.9559003076877184e-01 ]
T: !!opencv-matrix
   rows: 3
   cols: 1
   dt: d
   data: [ -3.2480544146267568e-02, -2.2791182342944959e-04,
       3.9400123308130936e-03 ]
E: !!opencv-matrix
   rows: 3
   cols: 3
   dt: d
   data: [ -2.6283744581942285e-06, -3.9439811715374822e-03,
       -1.4368916599277802e-04, 6.8897801997876264e-03,
       7.0736059113423572e-04, 3.1977179597289698e-02,
       3.7687479405247983e-04, -3.2472344746601510e-02,
       6.6519462141876749e-04 ]
F: !!opencv-matrix
   rows: 3
   cols: 3
   dt: d
   data: [ -3.6497761965102993e-09, -5.4242051519990510e-06,
       1.3485124282840405e-03, 9.4877673561890541e-06,
       9.6476557424315575e-07, 3.1759763903624172e-02,
       -2.1897290361957917e-03, -3.3425803716777190e-02, 1. ]
R1: !!opencv-matrix
   rows: 3
   cols: 3
   dt: d
   data: [ 9.7751059652069017e-01, 7.0274129756846028e-03,
       -2.1076918455180724e-01, -9.2752840548940060e-03,
       9.9991014487391017e-01, -9.6783926318759535e-03,
       2.1068223179818849e-01, 1.1415675411682905e-02,
       9.7748794343430634e-01 ]
R2: !!opencv-matrix
   rows: 3
   cols: 3
   dt: d
   data: [ 9.9269882619931094e-01, 6.9656406794329998e-03,
       -1.2041810624833513e-01, -5.6856541476919343e-03,
       9.9992366511472064e-01, 1.0969835024125022e-02,
       1.2048532607509982e-01, -1.0205086646800945e-02,
       9.9266265287211664e-01 ]
P1: !!opencv-matrix
   rows: 3
   cols: 4
   dt: d
   data: [ 7.9142834387623338e+02, 0., 4.7926696395874023e+02, 0., 0.,
       7.9142834387623338e+02, 2.6986820602416992e+02, 0., 0., 0., 1.,
       0. ]
P2: !!opencv-matrix
   rows: 3
   cols: 4
   dt: d
   data: [ 7.9142834387623338e+02, 0., 4.1900939941406250e+02,
       -2.5895087798480230e+01, 0., 7.9142834387623338e+02,
       2.6986820602416992e+02, 0., 0., 0., 1., 0. ]
Q: !!opencv-matrix
   rows: 4
   cols: 4
   dt: d
   data: [ 1., 0., 0., -4.7926696395874023e+02, 0., 1., 0.,
       -2.6986820602416992e+02, 0., 0., 0., 7.9142834387623338e+02, 0.,
       0., 3.0562875477977020e+01, -1.8416444417851487e+03 ]
ImgSize: [ 640, 480 ]
