%YAML:1.0
---
Date: "2022.24.5--19:36:38"
CountImg: 10
RMSE: 9.1560288975083282e-02
MeanErr: 5.7634864610758219e-01
CameraMatrix: !!opencv-matrix
   rows: 3
   cols: 3
   dt: d
   data: [ 7.7992197951839557e+02, 0., 3.0778486784487080e+02, 0.,
       7.8645068663066138e+02, 2.7393266334185597e+02, 0., 0., 1. ]
DistCoeffs: !!opencv-matrix
   rows: 1
   cols: 5
   dt: d
   data: [ 4.3949587938293962e-02, 8.6495970726871962e-01,
       -7.7692636884521618e-03, -1.4605618602351108e-03,
       -2.0675929623974691e+00 ]
R:
   - !!opencv-matrix
      rows: 3
      cols: 1
      dt: d
      data: [ -3.8057162792121996e-01, 6.9509512715332622e-02,
          1.5480785771589174e+00 ]
   - !!opencv-matrix
      rows: 3
      cols: 1
      dt: d
      data: [ -3.0992230645560792e-01, 2.5593083761531358e-02,
          1.5187557398149283e+00 ]
   - !!opencv-matrix
      rows: 3
      cols: 1
      dt: d
      data: [ -1.6424860771627017e-01, 1.1173730193964805e-01,
          1.5323742896462937e+00 ]
   - !!opencv-matrix
      rows: 3
      cols: 1
      dt: d
      data: [ -1.1780522026108209e-01, 1.5326836862433507e-01,
          1.5197375565437647e+00 ]
   - !!opencv-matrix
      rows: 3
      cols: 1
      dt: d
      data: [ -1.6507142818669746e-01, 1.9955616143588800e-01,
          1.4884842752086862e+00 ]
   - !!opencv-matrix
      rows: 3
      cols: 1
      dt: d
      data: [ -2.0355123615917348e-01, 2.3479698652299369e-01,
          1.5658100343199988e+00 ]
   - !!opencv-matrix
      rows: 3
      cols: 1
      dt: d
      data: [ -2.4858391085384962e-01, 2.9874719375722469e-01,
          1.5904290143252304e+00 ]
   - !!opencv-matrix
      rows: 3
      cols: 1
      dt: d
      data: [ -1.0622160789063001e-01, 3.0382069217909879e-01,
          1.5689531270750618e+00 ]
   - !!opencv-matrix
      rows: 3
      cols: 1
      dt: d
      data: [ -2.8185000164353641e-01, 2.0986415689683521e-01,
          1.5851915042431115e+00 ]
   - !!opencv-matrix
      rows: 3
      cols: 1
      dt: d
      data: [ -3.6956479023765298e-01, 2.1073732938336726e-01,
          1.6213419528442372e+00 ]
T:
   - !!opencv-matrix
      rows: 3
      cols: 1
      dt: d
      data: [ -5.7365992877951548e+00, 2.8197943763129940e+00,
          4.6957761580682117e+01 ]
   - !!opencv-matrix
      rows: 3
      cols: 1
      dt: d
      data: [ -6.1650324234233231e+00, -2.9989334422059986e+00,
          4.7899948941005668e+01 ]
   - !!opencv-matrix
      rows: 3
      cols: 1
      dt: d
      data: [ -5.7069518573753770e+00, -8.2776870812810568e+00,
          4.5588020196316222e+01 ]
   - !!opencv-matrix
      rows: 3
      cols: 1
      dt: d
      data: [ -4.8182676767616961e+00, -1.1211502603852241e+01,
          4.4095221231468891e+01 ]
   - !!opencv-matrix
      rows: 3
      cols: 1
      dt: d
      data: [ 3.4289444215933002e-01, -1.0356416936189008e+01,
          4.2384042513060237e+01 ]
   - !!opencv-matrix
      rows: 3
      cols: 1
      dt: d
      data: [ 5.4443945752609690e-01, -2.8305193370158421e+00,
          4.1094808680577501e+01 ]
   - !!opencv-matrix
      rows: 3
      cols: 1
      dt: d
      data: [ 1.6206561008695861e+00, 2.9716348300425874e+00,
          3.8162831666816025e+01 ]
   - !!opencv-matrix
      rows: 3
      cols: 1
      dt: d
      data: [ 4.4264827718757873e+00, -7.2194489292772985e+00,
          3.4716254926812617e+01 ]
   - !!opencv-matrix
      rows: 3
      cols: 1
      dt: d
      data: [ 3.4155338644573887e+00, -2.7428760878002931e+00,
          3.7666471163112725e+01 ]
   - !!opencv-matrix
      rows: 3
      cols: 1
      dt: d
      data: [ 3.9627573354225074e+00, 1.6410955211003522e+00,
          3.6053428149690951e+01 ]
Size: [ 480, 640 ]
objectPoints:
   - [ 0., 0., 0., 1., 0., 0., 2., 0., 0., 3., 0., 0., 4., 0., 0., 0.,
       1., 0., 1., 1., 0., 2., 1., 0., 3., 1., 0., 4., 1., 0., 0., 2.,
       0., 1., 2., 0., 2., 2., 0., 3., 2., 0., 4., 2., 0., 0., 3., 0.,
       1., 3., 0., 2., 3., 0., 3., 3., 0., 4., 3., 0., 0., 4., 0., 1.,
       4., 0., 2., 4., 0., 3., 4., 0., 4., 4., 0., 0., 5., 0., 1., 5.,
       0., 2., 5., 0., 3., 5., 0., 4., 5., 0., 0., 6., 0., 1., 6., 0.,
       2., 6., 0., 3., 6., 0., 4., 6., 0., 0., 7., 0., 1., 7., 0., 2.,
       7., 0., 3., 7., 0., 4., 7., 0. ]
   - [ 0., 0., 0., 1., 0., 0., 2., 0., 0., 3., 0., 0., 4., 0., 0., 0.,
       1., 0., 1., 1., 0., 2., 1., 0., 3., 1., 0., 4., 1., 0., 0., 2.,
       0., 1., 2., 0., 2., 2., 0., 3., 2., 0., 4., 2., 0., 0., 3., 0.,
       1., 3., 0., 2., 3., 0., 3., 3., 0., 4., 3., 0., 0., 4., 0., 1.,
       4., 0., 2., 4., 0., 3., 4., 0., 4., 4., 0., 0., 5., 0., 1., 5.,
       0., 2., 5., 0., 3., 5., 0., 4., 5., 0., 0., 6., 0., 1., 6., 0.,
       2., 6., 0., 3., 6., 0., 4., 6., 0., 0., 7., 0., 1., 7., 0., 2.,
       7., 0., 3., 7., 0., 4., 7., 0. ]
   - [ 0., 0., 0., 1., 0., 0., 2., 0., 0., 3., 0., 0., 4., 0., 0., 0.,
       1., 0., 1., 1., 0., 2., 1., 0., 3., 1., 0., 4., 1., 0., 0., 2.,
       0., 1., 2., 0., 2., 2., 0., 3., 2., 0., 4., 2., 0., 0., 3., 0.,
       1., 3., 0., 2., 3., 0., 3., 3., 0., 4., 3., 0., 0., 4., 0., 1.,
       4., 0., 2., 4., 0., 3., 4., 0., 4., 4., 0., 0., 5., 0., 1., 5.,
       0., 2., 5., 0., 3., 5., 0., 4., 5., 0., 0., 6., 0., 1., 6., 0.,
       2., 6., 0., 3., 6., 0., 4., 6., 0., 0., 7., 0., 1., 7., 0., 2.,
       7., 0., 3., 7., 0., 4., 7., 0. ]
   - [ 0., 0., 0., 1., 0., 0., 2., 0., 0., 3., 0., 0., 4., 0., 0., 0.,
       1., 0., 1., 1., 0., 2., 1., 0., 3., 1., 0., 4., 1., 0., 0., 2.,
       0., 1., 2., 0., 2., 2., 0., 3., 2., 0., 4., 2., 0., 0., 3., 0.,
       1., 3., 0., 2., 3., 0., 3., 3., 0., 4., 3., 0., 0., 4., 0., 1.,
       4., 0., 2., 4., 0., 3., 4., 0., 4., 4., 0., 0., 5., 0., 1., 5.,
       0., 2., 5., 0., 3., 5., 0., 4., 5., 0., 0., 6., 0., 1., 6., 0.,
       2., 6., 0., 3., 6., 0., 4., 6., 0., 0., 7., 0., 1., 7., 0., 2.,
       7., 0., 3., 7., 0., 4., 7., 0. ]
   - [ 0., 0., 0., 1., 0., 0., 2., 0., 0., 3., 0., 0., 4., 0., 0., 0.,
       1., 0., 1., 1., 0., 2., 1., 0., 3., 1., 0., 4., 1., 0., 0., 2.,
       0., 1., 2., 0., 2., 2., 0., 3., 2., 0., 4., 2., 0., 0., 3., 0.,
       1., 3., 0., 2., 3., 0., 3., 3., 0., 4., 3., 0., 0., 4., 0., 1.,
       4., 0., 2., 4., 0., 3., 4., 0., 4., 4., 0., 0., 5., 0., 1., 5.,
       0., 2., 5., 0., 3., 5., 0., 4., 5., 0., 0., 6., 0., 1., 6., 0.,
       2., 6., 0., 3., 6., 0., 4., 6., 0., 0., 7., 0., 1., 7., 0., 2.,
       7., 0., 3., 7., 0., 4., 7., 0. ]
   - [ 0., 0., 0., 1., 0., 0., 2., 0., 0., 3., 0., 0., 4., 0., 0., 0.,
       1., 0., 1., 1., 0., 2., 1., 0., 3., 1., 0., 4., 1., 0., 0., 2.,
       0., 1., 2., 0., 2., 2., 0., 3., 2., 0., 4., 2., 0., 0., 3., 0.,
       1., 3., 0., 2., 3., 0., 3., 3., 0., 4., 3., 0., 0., 4., 0., 1.,
       4., 0., 2., 4., 0., 3., 4., 0., 4., 4., 0., 0., 5., 0., 1., 5.,
       0., 2., 5., 0., 3., 5., 0., 4., 5., 0., 0., 6., 0., 1., 6., 0.,
       2., 6., 0., 3., 6., 0., 4., 6., 0., 0., 7., 0., 1., 7., 0., 2.,
       7., 0., 3., 7., 0., 4., 7., 0. ]
   - [ 0., 0., 0., 1., 0., 0., 2., 0., 0., 3., 0., 0., 4., 0., 0., 0.,
       1., 0., 1., 1., 0., 2., 1., 0., 3., 1., 0., 4., 1., 0., 0., 2.,
       0., 1., 2., 0., 2., 2., 0., 3., 2., 0., 4., 2., 0., 0., 3., 0.,
       1., 3., 0., 2., 3., 0., 3., 3., 0., 4., 3., 0., 0., 4., 0., 1.,
       4., 0., 2., 4., 0., 3., 4., 0., 4., 4., 0., 0., 5., 0., 1., 5.,
       0., 2., 5., 0., 3., 5., 0., 4., 5., 0., 0., 6., 0., 1., 6., 0.,
       2., 6., 0., 3., 6., 0., 4., 6., 0., 0., 7., 0., 1., 7., 0., 2.,
       7., 0., 3., 7., 0., 4., 7., 0. ]
   - [ 0., 0., 0., 1., 0., 0., 2., 0., 0., 3., 0., 0., 4., 0., 0., 0.,
       1., 0., 1., 1., 0., 2., 1., 0., 3., 1., 0., 4., 1., 0., 0., 2.,
       0., 1., 2., 0., 2., 2., 0., 3., 2., 0., 4., 2., 0., 0., 3., 0.,
       1., 3., 0., 2., 3., 0., 3., 3., 0., 4., 3., 0., 0., 4., 0., 1.,
       4., 0., 2., 4., 0., 3., 4., 0., 4., 4., 0., 0., 5., 0., 1., 5.,
       0., 2., 5., 0., 3., 5., 0., 4., 5., 0., 0., 6., 0., 1., 6., 0.,
       2., 6., 0., 3., 6., 0., 4., 6., 0., 0., 7., 0., 1., 7., 0., 2.,
