%YAML:1.0
---
FirstCameraName: Basler daA1280-54um (22503356)
FirstCameraIndex: 1
SecondCameraName: Basler daA1280-54um (22503357)
SecondCameraIndex: 0
Exposure: 4000.
Gain: 1.
Pattern: Chessboard
Row: 5
Col: 8
CheckerSize: 2.0000000000000000e-02
MarkerSize: 0.
DictionaryName: NULL
isWebCamera: 0
isBaslerCamera: 1
SettingCalibration:
   isUseParametr: 0
   isFixedFocal: 0
   isFixedAspectRatio: 0
   isFixedPrincipalPoint: 0
   isfixedK1: 0
   isfixedK2: 0
   isfixedK3: 0
   isfixedK4: 0
   iszeroTangent: 0
   isCaibration: 0
   isStereoCaibration: 1
   numCamera: 1
   cameraModel: 0
   fx: 1.5680149019999999e+03
   fy: 1.5639176078000000e+03
   cx: 6.0470043439999995e+02
   cy: 4.9723752569999999e+02
   k1: -2.7097308600000002e+01
   k2: 3.2372447360000001e+02
   k3: -1.6527043599999999e+01
   k4: 0.
   isSameFocalLengStereo: 0
   isfixAspectRatioStereo: 0
   isfixFocalLengthStereo: 1
   isfixPrincipalPointStereo: 0
   isUseSingleCalibratedInStereo: 0
   iszeroTangentS: 0
   isfixedK1S: 0
   isfixedK2S: 0
   isfixedK3S: 0
   fx1: 1.5680149019999999e+03
   fy1: 1.5639176078000000e+03
   fx2: 1.5278360829999999e+03
   fy2: 1.5216198274999999e+03
   cx1: 6.0470043439999995e+02
   cy1: 4.9723752569999999e+02
   cx1: 6.0470043439999995e+02
   cx2: 6.4134920339999996e+02
   cy2: 4.9127232210000000e+02
   k1S1: -2.7097308600000002e+01
   k2S1: 3.2372447360000001e+02
   k3S1: -1.6527043599999999e+01
   k1S2: -6.9978499999999999e-02
   k2S2: 1.0536820000000000e-01
   k3S2: 2.5219079999999999e-01
ImageInfoCamera1:
   -
      isActive: 1
      isCalib: 1
      cameraPath: "D:/PRoG/Git-repos/Camera-calibration-With-OpenCV/DiplomTest/Chess2/Camera1/Accumulated/1.png"
      drawPath: NONE
      undistortedPath: "D:/PRoG/Git-repos/Camera-calibration-With-OpenCV/DiplomTest/Chess2/Camera1/Undistorted/1.png"
      state: Succes
      err: 7.9114192142779272e-01
      imgpoint:
         - [ 5.6385858154296875e+02, 5.7165612792968750e+02 ]
         - [ 6.0983349609375000e+02, 5.7070288085937500e+02 ]
         - [ 6.5621411132812500e+02, 5.6980389404296875e+02 ]
         - [ 7.0301452636718750e+02, 5.6887615966796875e+02 ]
         - [ 7.5028143310546875e+02, 5.6790618896484375e+02 ]
         - [ 7.9816351318359375e+02, 5.6695178222656250e+02 ]
         - [ 8.4661206054687500e+02, 5.6583593750000000e+02 ]
         - [ 8.9567242431640625e+02, 5.6492950439453125e+02 ]
         - [ 5.6638922119140625e+02, 6.1768713378906250e+02 ]
         - [ 6.1223583984375000e+02, 6.1704278564453125e+02 ]
         - [ 6.5844915771484375e+02, 6.1634057617187500e+02 ]
         - [ 7.0512921142578125e+02, 6.1565307617187500e+02 ]
         - [ 7.5220867919921875e+02, 6.1499133300781250e+02 ]
         - [ 7.9987713623046875e+02, 6.1428332519531250e+02 ]
         - [ 8.4820654296875000e+02, 6.1348400878906250e+02 ]
         - [ 8.9712493896484375e+02, 6.1268273925781250e+02 ]
         - [ 5.6881372070312500e+02, 6.6341729736328125e+02 ]
         - [ 6.1452160644531250e+02, 6.6298162841796875e+02 ]
         - [ 6.6061340332031250e+02, 6.6256207275390625e+02 ]
         - [ 7.0718927001953125e+02, 6.6210638427734375e+02 ]
         - [ 7.5413562011718750e+02, 6.6165386962890625e+02 ]
         - [ 8.0158483886718750e+02, 6.6121484375000000e+02 ]
         - [ 8.4972503662109375e+02, 6.6063525390625000e+02 ]
         - [ 8.9844720458984375e+02, 6.6006549072265625e+02 ]
         - [ 5.7121234130859375e+02, 7.0874615478515625e+02 ]
         - [ 6.1679656982421875e+02, 7.0857916259765625e+02 ]
         - [ 6.6277032470703125e+02, 7.0840740966796875e+02 ]
         - [ 7.0918139648437500e+02, 7.0827587890625000e+02 ]
         - [ 7.5586944580078125e+02, 7.0806170654296875e+02 ]
         - [ 8.0328106689453125e+02, 7.0782409667968750e+02 ]
         - [ 8.5121697998046875e+02, 7.0757061767578125e+02 ]
         - [ 8.9973583984375000e+02, 7.0735260009765625e+02 ]
         - [ 5.7354998779296875e+02, 7.5374157714843750e+02 ]
         - [ 6.1898284912109375e+02, 7.5379699707031250e+02 ]
         - [ 6.6482861328125000e+02, 7.5390417480468750e+02 ]
         - [ 7.1104736328125000e+02, 7.5392205810546875e+02 ]
         - [ 7.5760913085937500e+02, 7.5401428222656250e+02 ]
         - [ 8.0476068115234375e+02, 7.5396490478515625e+02 ]
         - [ 8.5259613037109375e+02, 7.5401251220703125e+02 ]
         - [ 9.0093463134765625e+02, 7.5396228027343750e+02 ]
      reprojectPoint:
         - [ 8.9548754882812500e+02, 5.6489691162109375e+02 ]
         - [ 8.9692346191406250e+02, 6.1268280029296875e+02 ]
         - [ 8.9830541992187500e+02, 6.6013604736328125e+02 ]
         - [ 8.9964508056640625e+02, 7.0724993896484375e+02 ]
         - [ 9.0095819091796875e+02, 7.5402893066406250e+02 ]
         - [ 8.4665417480468750e+02, 5.6592840576171875e+02 ]
         - [ 8.4824792480468750e+02, 6.1346441650390625e+02 ]
         - [ 8.4978839111328125e+02, 6.6066943359375000e+02 ]
         - [ 8.5127734375000000e+02, 7.0752740478515625e+02 ]
         - [ 8.5272839355468750e+02, 7.5403637695312500e+02 ]
         - [ 7.9828155517578125e+02, 5.6693914794921875e+02 ]
         - [ 8.0003033447265625e+02, 6.1421984863281250e+02 ]
         - [ 8.0173382568359375e+02, 6.6117681884765625e+02 ]
         - [ 8.0338812255859375e+02, 7.0778961181640625e+02 ]
         - [ 8.0499530029296875e+02, 7.5404272460937500e+02 ]
         - [ 7.5039703369140625e+02, 5.6793145751953125e+02 ]
         - [ 7.5229333496093750e+02, 6.1495092773437500e+02 ]
         - [ 7.5415228271484375e+02, 6.6165411376953125e+02 ]
         - [ 7.5596997070312500e+02, 7.0802111816406250e+02 ]
         - [ 7.5774285888671875e+02, 7.5402935791015625e+02 ]
         - [ 7.0301971435546875e+02, 5.6890747070312500e+02 ]
         - [ 7.0505725097656250e+02, 6.1566168212890625e+02 ]
         - [ 7.0706378173828125e+02, 6.6210571289062500e+02 ]
         - [ 7.0903656005859375e+02, 7.0822155761718750e+02 ]
         - [ 7.1097186279296875e+02, 7.5398510742187500e+02 ]
         - [ 6.5616058349609375e+02, 5.6986853027343750e+02 ]
         - [ 6.5833435058593750e+02, 6.1635479736328125e+02 ]
         - [ 6.6048229980468750e+02, 6.6253594970703125e+02 ]
         - [ 6.6260278320312500e+02, 7.0839526367187500e+02 ]
         - [ 6.6469329833984375e+02, 7.5390948486328125e+02 ]
         - [ 6.0982611083984375e+02, 5.7081506347656250e+02 ]
         - [ 6.1213201904296875e+02, 6.1703161621093750e+02 ]
         - [ 6.1441656494140625e+02, 6.6294720458984375e+02 ]
         - [ 6.1667907714843750e+02, 7.0854589843750000e+02 ]
         - [ 6.1891839599609375e+02, 7.5380535888671875e+02 ]
         - [ 5.6402087402343750e+02, 5.7174743652343750e+02 ]
         - [ 5.6645526123046875e+02, 6.1769268798828125e+02 ]
         - [ 5.6887249755859375e+02, 6.6334057617187500e+02 ]
         - [ 5.7127270507812500e+02, 7.0867535400390625e+02 ]
         - [ 5.7365612792968750e+02, 7.5367510986328125e+02 ]
      charucoIds: []
   -
      isActive: 1
      isCalib: 1
      cameraPath: "D:/PRoG/Git-repos/Camera-calibration-With-OpenCV/DiplomTest/Chess2/Camera1/Accumulated/2.png"
      drawPath: NONE
      undistortedPath: "D:/PRoG/Git-repos/Camera-calibration-With-OpenCV/DiplomTest/Chess2/Camera1/Undistorted/2.png"
      state: Succes
      err: 8.3106274774589584e-01
      imgpoint:
         - [ 5.0523681640625000e+02, 4.1378094482421875e+02 ]
         - [ 5.5215289306640625e+02, 4.1318865966796875e+02 ]
         - [ 5.9940740966796875e+02, 4.1250543212890625e+02 ]
         - [ 6.4695361328125000e+02, 4.1191079711914062e+02 ]
         - [ 6.9487762451171875e+02, 4.1135733032226562e+02 ]
         - [ 7.4336260986328125e+02, 4.1072021484375000e+02 ]
         - [ 7.9234478759765625e+02, 4.1018807983398438e+02 ]
         - [ 8.4175561523437500e+02, 4.0966387939453125e+02 ]
         - [ 5.0642633056640625e+02, 4.6116479492187500e+02 ]
         - [ 5.5327215576171875e+02, 4.6071264648437500e+02 ]
         - [ 6.0039489746093750e+02, 4.6034094238281250e+02 ]
