%YAML:1.0
---
Date: "2022.24.5--14:42:02"
CountImg: 10
RMSE: 1.2357857841809744e-01
MeanErr: 7.7491800447779646e-01
CameraMatrix: !!opencv-matrix
   rows: 3
   cols: 3
   dt: d
   data: [ 8.5096697179638454e+02, 0., 2.9939708028047204e+02, 0.,
       8.5125314996343457e+02, 2.1580748382250258e+02, 0., 0., 1. ]
DistCoeffs: !!opencv-matrix
   rows: 1
   cols: 5
   dt: d
   data: [ 7.4880034622229072e-02, 2.0712426201300865e-01,
       -1.6082730843277319e-02, -1.0113304026118352e-02,
       -5.2506805019718894e-01 ]
R:
   - !!opencv-matrix
      rows: 3
      cols: 1
      dt: d
      data: [ 1.4258005306522294e-02, 4.8817107324273701e-01,
          1.4821613227815211e+00 ]
   - !!opencv-matrix
      rows: 3
      cols: 1
      dt: d
      data: [ -7.8611192510925423e-02, 4.2182516367165118e-01,
          1.4946622212545411e+00 ]
   - !!opencv-matrix
      rows: 3
      cols: 1
      dt: d
      data: [ -2.5201748708519784e-02, 3.9034550705836563e-01,
          1.4289939618629459e+00 ]
   - !!opencv-matrix
      rows: 3
      cols: 1
      dt: d
      data: [ -4.5307960473279896e-01, -1.5359862283449699e-01,
          -1.9098852381177978e-01 ]
   - !!opencv-matrix
      rows: 3
      cols: 1
      dt: d
      data: [ -4.1204873826271443e-01, -3.9210524472435254e-02,
          -1.5760792552053138e-01 ]
   - !!opencv-matrix
      rows: 3
      cols: 1
      dt: d
      data: [ -2.6086363227655135e-01, 7.9813376815358501e-03,
          -9.9102074588694484e-03 ]
   - !!opencv-matrix
      rows: 3
      cols: 1
      dt: d
      data: [ -7.9606819097479783e-02, 6.1858005264147853e-01,
          7.3764279176262923e-02 ]
   - !!opencv-matrix
      rows: 3
      cols: 1
      dt: d
      data: [ -9.1388042695187022e-01, 3.4219258918978573e-01,
          2.8580690919215002e-01 ]
   - !!opencv-matrix
      rows: 3
      cols: 1
      dt: d
      data: [ -9.1274259145377318e-02, 3.2076024352519189e-01,
          1.0415286546732769e+00 ]
   - !!opencv-matrix
      rows: 3
      cols: 1
      dt: d
      data: [ -4.7823043351909694e-01, -4.1415586826568113e-01,
          -2.6457414327489404e+00 ]
T:
   - !!opencv-matrix
      rows: 3
      cols: 1
      dt: d
      data: [ 5.3715526997556902e+00, -2.5505683882626435e+00,
          2.1523954824053074e+01 ]
   - !!opencv-matrix
      rows: 3
      cols: 1
      dt: d
      data: [ 4.0659369505898066e+00, 1.9141593310191760e+00,
          2.6857313394833071e+01 ]
   - !!opencv-matrix
      rows: 3
      cols: 1
      dt: d
      data: [ 4.0473038642426955e+00, -4.0414286151501857e+00,
          2.7716704001896478e+01 ]
   - !!opencv-matrix
      rows: 3
      cols: 1
      dt: d
      data: [ -5.8467323060113587e+00, -2.1141069713572032e+00,
          3.4885658310919673e+01 ]
   - !!opencv-matrix
      rows: 3
      cols: 1
      dt: d
      data: [ -1.0544449006470178e+00, -4.3133029940666754e+00,
          3.1438565293957311e+01 ]
   - !!opencv-matrix
      rows: 3
      cols: 1
      dt: d
      data: [ 3.3649347300059738e+00, -2.6548008429671888e+00,
          2.7362122445200679e+01 ]
   - !!opencv-matrix
      rows: 3
      cols: 1
      dt: d
      data: [ 4.4817980865085669e+00, -1.7805169786854791e+00,
          2.7232458326766888e+01 ]
   - !!opencv-matrix
      rows: 3
      cols: 1
      dt: d
      data: [ 4.7274174327853649e+00, 1.7413830528554251e+00,
          3.5757183185436453e+01 ]
   - !!opencv-matrix
      rows: 3
      cols: 1
      dt: d
      data: [ 2.6069108164001094e+00, -5.4606741652638524e+00,
          3.5007536910476091e+01 ]
   - !!opencv-matrix
      rows: 3
      cols: 1
      dt: d
      data: [ 6.8052891239158999e+00, 3.8962980795719115e+00,
          2.4421534905749628e+01 ]
Size: [ 480, 640 ]
objectPoints:
   - [ 0., 0., 0., 1., 0., 0., 2., 0., 0., 3., 0., 0., 4., 0., 0., 0.,
       1., 0., 1., 1., 0., 2., 1., 0., 3., 1., 0., 4., 1., 0., 0., 2.,
       0., 1., 2., 0., 2., 2., 0., 3., 2., 0., 4., 2., 0., 0., 3., 0.,
       1., 3., 0., 2., 3., 0., 3., 3., 0., 4., 3., 0., 0., 4., 0., 1.,
       4., 0., 2., 4., 0., 3., 4., 0., 4., 4., 0., 0., 5., 0., 1., 5.,
       0., 2., 5., 0., 3., 5., 0., 4., 5., 0., 0., 6., 0., 1., 6., 0.,
       2., 6., 0., 3., 6., 0., 4., 6., 0., 0., 7., 0., 1., 7., 0., 2.,
       7., 0., 3., 7., 0., 4., 7., 0. ]
   - [ 0., 0., 0., 1., 0., 0., 2., 0., 0., 3., 0., 0., 4., 0., 0., 0.,
       1., 0., 1., 1., 0., 2., 1., 0., 3., 1., 0., 4., 1., 0., 0., 2.,
       0., 1., 2., 0., 2., 2., 0., 3., 2., 0., 4., 2., 0., 0., 3., 0.,
       1., 3., 0., 2., 3., 0., 3., 3., 0., 4., 3., 0., 0., 4., 0., 1.,
       4., 0., 2., 4., 0., 3., 4., 0., 4., 4., 0., 0., 5., 0., 1., 5.,
       0., 2., 5., 0., 3., 5., 0., 4., 5., 0., 0., 6., 0., 1., 6., 0.,
       2., 6., 0., 3., 6., 0., 4., 6., 0., 0., 7., 0., 1., 7., 0., 2.,
       7., 0., 3., 7., 0., 4., 7., 0. ]
   - [ 0., 0., 0., 1., 0., 0., 2., 0., 0., 3., 0., 0., 4., 0., 0., 0.,
       1., 0., 1., 1., 0., 2., 1., 0., 3., 1., 0., 4., 1., 0., 0., 2.,
       0., 1., 2., 0., 2., 2., 0., 3., 2., 0., 4., 2., 0., 0., 3., 0.,
       1., 3., 0., 2., 3., 0., 3., 3., 0., 4., 3., 0., 0., 4., 0., 1.,
       4., 0., 2., 4., 0., 3., 4., 0., 4., 4., 0., 0., 5., 0., 1., 5.,
       0., 2., 5., 0., 3., 5., 0., 4., 5., 0., 0., 6., 0., 1., 6., 0.,
       2., 6., 0., 3., 6., 0., 4., 6., 0., 0., 7., 0., 1., 7., 0., 2.,
       7., 0., 3., 7., 0., 4., 7., 0. ]
   - [ 0., 0., 0., 1., 0., 0., 2., 0., 0., 3., 0., 0., 4., 0., 0., 0.,
       1., 0., 1., 1., 0., 2., 1., 0., 3., 1., 0., 4., 1., 0., 0., 2.,
       0., 1., 2., 0., 2., 2., 0., 3., 2., 0., 4., 2., 0., 0., 3., 0.,
       1., 3., 0., 2., 3., 0., 3., 3., 0., 4., 3., 0., 0., 4., 0., 1.,
       4., 0., 2., 4., 0., 3., 4., 0., 4., 4., 0., 0., 5., 0., 1., 5.,
       0., 2., 5., 0., 3., 5., 0., 4., 5., 0., 0., 6., 0., 1., 6., 0.,
       2., 6., 0., 3., 6., 0., 4., 6., 0., 0., 7., 0., 1., 7., 0., 2.,
       7., 0., 3., 7., 0., 4., 7., 0. ]
   - [ 0., 0., 0., 1., 0., 0., 2., 0., 0., 3., 0., 0., 4., 0., 0., 0.,
       1., 0., 1., 1., 0., 2., 1., 0., 3., 1., 0., 4., 1., 0., 0., 2.,
       0., 1., 2., 0., 2., 2., 0., 3., 2., 0., 4., 2., 0., 0., 3., 0.,
       1., 3., 0., 2., 3., 0., 3., 3., 0., 4., 3., 0., 0., 4., 0., 1.,
       4., 0., 2., 4., 0., 3., 4., 0., 4., 4., 0., 0., 5., 0., 1., 5.,
       0., 2., 5., 0., 3., 5., 0., 4., 5., 0., 0., 6., 0., 1., 6., 0.,
       2., 6., 0., 3., 6., 0., 4., 6., 0., 0., 7., 0., 1., 7., 0., 2.,
       7., 0., 3., 7., 0., 4., 7., 0. ]
   - [ 0., 0., 0., 1., 0., 0., 2., 0., 0., 3., 0., 0., 4., 0., 0., 0.,
       1., 0., 1., 1., 0., 2., 1., 0., 3., 1., 0., 4., 1., 0., 0., 2.,
       0., 1., 2., 0., 2., 2., 0., 3., 2., 0., 4., 2., 0., 0., 3., 0.,
       1., 3., 0., 2., 3., 0., 3., 3., 0., 4., 3., 0., 0., 4., 0., 1.,
       4., 0., 2., 4., 0., 3., 4., 0., 4., 4., 0., 0., 5., 0., 1., 5.,
       0., 2., 5., 0., 3., 5., 0., 4., 5., 0., 0., 6., 0., 1., 6., 0.,
       2., 6., 0., 3., 6., 0., 4., 6., 0., 0., 7., 0., 1., 7., 0., 2.,
       7., 0., 3., 7., 0., 4., 7., 0. ]
   - [ 0., 0., 0., 1., 0., 0., 2., 0., 0., 3., 0., 0., 4., 0., 0., 0.,
       1., 0., 1., 1., 0., 2., 1., 0., 3., 1., 0., 4., 1., 0., 0., 2.,
       0., 1., 2., 0., 2., 2., 0., 3., 2., 0., 4., 2., 0., 0., 3., 0.,
       1., 3., 0., 2., 3., 0., 3., 3., 0., 4., 3., 0., 0., 4., 0., 1.,
       4., 0., 2., 4., 0., 3., 4., 0., 4., 4., 0., 0., 5., 0., 1., 5.,
       0., 2., 5., 0., 3., 5., 0., 4., 5., 0., 0., 6., 0., 1., 6., 0.,
       2., 6., 0., 3., 6., 0., 4., 6., 0., 0., 7., 0., 1., 7., 0., 2.,
       7., 0., 3., 7., 0., 4., 7., 0. ]
   - [ 0., 0., 0., 1., 0., 0., 2., 0., 0., 3., 0., 0., 4., 0., 0., 0.,
       1., 0., 1., 1., 0., 2., 1., 0., 3., 1., 0., 4., 1., 0., 0., 2.,
       0., 1., 2., 0., 2., 2., 0., 3., 2., 0., 4., 2., 0., 0., 3., 0.,
       1., 3., 0., 2., 3., 0., 3., 3., 0., 4., 3., 0., 0., 4., 0., 1.,
       4., 0., 2., 4., 0., 3., 4., 0., 4., 4., 0., 0., 5., 0., 1., 5.,
       0., 2., 5., 0., 3., 5., 0., 4., 5., 0., 0., 6., 0., 1., 6., 0.,
       2., 6., 0., 3., 6., 0., 4., 6., 0., 0., 7., 0., 1., 7., 0., 2.,
