%YAML:1.0
---
Date: "2022.02.6--17:23:02"
Pattern: Assymetric Circles
SizePattern: "9 x 6"
CountPair: 7
RMSE: 1.6350145686144421e-01
AverageReprojectionErr: 6.1052877436239252e-02
cameraMatrixFirst: !!opencv-matrix
   rows: 3
   cols: 3
   dt: d
   data: [ 1.5776189473345146e+03, 0., 6.0988008125388092e+02, 0.,
       1.5745737326405358e+03, 4.9472015881470679e+02, 0., 0., 1. ]
cameraMatrixSecond: !!opencv-matrix
   rows: 3
   cols: 3
   dt: d
   data: [ 1.5763130346893513e+03, 0., 6.3647582814869054e+02, 0.,
       1.5725470274521056e+03, 4.8851772895871369e+02, 0., 0., 1. ]
DistCoeffsFirst: !!opencv-matrix
   rows: 1
   cols: 5
   dt: d
   data: [ -1.0144635738677363e-01, 4.3075522348869583e-01,
       9.6495013633218763e-04, -5.7466964559577665e-05,
       -1.0587370577848860e+00 ]
DistCoeffsSecond: !!opencv-matrix
   rows: 1
   cols: 5
   dt: d
   data: [ -9.0256997998679672e-02, 1.3185886237055636e-01,
       3.5595498318006689e-04, -1.0357269930597071e-04,
       3.9915988376611117e-01 ]
R: !!opencv-matrix
   rows: 3
   cols: 3
   dt: d
   data: [ 9.9937319312080486e-01, -7.5347684767571325e-04,
       -3.5392840295271795e-02, 9.8361013661169266e-04,
       9.9997848650675203e-01, 6.4852937300330111e-03,
       3.5387192352965120e-02, -6.5160414597873317e-03,
       9.9935243423982745e-01 ]
T: !!opencv-matrix
   rows: 3
   cols: 1
   dt: d
   data: [ 9.9718063855416084e+00, 3.1148202672030896e-02,
       -3.5671407337392526e-02 ]
E: !!opencv-matrix
   rows: 3
   cols: 3
   dt: d
   data: [ 1.1373341972485634e-03, 3.5467676940802814e-02,
       3.1359371716836219e-02, -3.8852327892556965e-01,
       6.5003581416713904e-02, -9.9640864727362608e+00,
       -2.1320308923173572e-02, 9.9716153266018228e+00,
       6.5772516791912095e-02 ]
F: !!opencv-matrix
   rows: 3
   cols: 3
   dt: d
   data: [ -3.8381156711529634e-08, -1.1992281569423847e-06,
       -1.0528597455923857e-03, 1.3142737431428961e-05,
       -2.2031556607570988e-06, 5.2482554037148088e-01,
       -5.2618935130332766e-03, -5.2962836080667508e-01, 1. ]
R1: !!opencv-matrix
   rows: 3
   cols: 3
   dt: d
   data: [ 9.9923840941487430e-01, 2.3933652177244428e-03,
       -3.8947053200038731e-02, -2.2655981828226205e-03,
       9.9999190789181103e-01, 3.3243368917347462e-03,
       3.8954694388559273e-02, -3.2335667350999121e-03,
       9.9923574587344666e-01 ]
R2: !!opencv-matrix
   rows: 3
   cols: 3
   dt: d
   data: [ 9.9998872339449785e-01, 3.1235916765487977e-03,
       -3.5771858884761955e-03, -3.1353065654525798e-03,
       9.9998972540851494e-01, -3.2739777249770545e-03,
       3.5669225647815897e-03, 3.2851563800238089e-03,
       9.9998824233636630e-01 ]
P1: !!opencv-matrix
   rows: 3
   cols: 4
   dt: d
   data: [ 1.5735603800463207e+03, 0., 6.8009115600585938e+02, 0., 0.,
       1.5735603800463207e+03, 4.9236364364624023e+02, 0., 0., 0., 1.,
       0. ]
P2: !!opencv-matrix
   rows: 3
   cols: 4
   dt: d
   data: [ 1.5735603800463207e+03, 0., 6.4302047729492188e+02,
       1.5691416391693601e+04, 0., 1.5735603800463207e+03,
       4.9236364364624023e+02, 0., 0., 0., 1., 0. ]
Q: !!opencv-matrix
   rows: 4
   cols: 4
   dt: d
   data: [ 1., 0., 0., -6.8009115600585938e+02, 0., 1., 0.,
       -4.9236364364624023e+02, 0., 0., 0., 1.5735603800463207e+03, 0.,
       0., -1.0028160242304829e-01, 3.7175070640427945e+00 ]
ImgSize: [ 1280, 960 ]
