%YAML:1.0
---
Date: "2022.25.5--11:11:01"
CountImg: 11
RMSE: 1.0415970427447263e-01
MeanErr: 6.5638669867194588e-01
CameraMatrix: !!opencv-matrix
   rows: 3
   cols: 3
   dt: d
   data: [ 1.5661998255879485e+03, 0., 5.9586790322901845e+02, 0.,
       1.5579483426430909e+03, 5.3330701069979148e+02, 0., 0., 1. ]
DistCoeffs: !!opencv-matrix
   rows: 1
   cols: 5
   dt: d
   data: [ -7.7241257293238760e-02, 1.9669093853029662e-01,
       7.8128396260794090e-03, -5.3838740398416268e-03,
       1.6987832379018897e-01 ]
R:
   - !!opencv-matrix
      rows: 3
      cols: 1
      dt: d
      data: [ -2.9445511017937571e+00, 8.7651012135543188e-02,
          3.5246696993857496e-01 ]
   - !!opencv-matrix
      rows: 3
      cols: 1
      dt: d
      data: [ -2.9727723669873267e+00, 5.4158239103316089e-02,
          2.4955319490132566e-01 ]
   - !!opencv-matrix
      rows: 3
      cols: 1
      dt: d
      data: [ -2.9761787079360138e+00, -2.8317461532609330e-02,
          3.4914734152134097e-01 ]
   - !!opencv-matrix
      rows: 3
      cols: 1
      dt: d
      data: [ -2.9611988681726564e+00, -9.0159925543404178e-03,
          3.3913290975615679e-01 ]
   - !!opencv-matrix
      rows: 3
      cols: 1
      dt: d
      data: [ -2.9700457068071136e+00, -2.5403173007625579e-03,
          2.8761664399711800e-01 ]
   - !!opencv-matrix
      rows: 3
      cols: 1
      dt: d
      data: [ -3.0007148232522236e+00, 6.8909886686020438e-02,
          3.2333219445190053e-01 ]
   - !!opencv-matrix
      rows: 3
      cols: 1
      dt: d
      data: [ -3.0106908391633609e+00, 1.2583503619948925e-02,
          3.2333872516835166e-01 ]
   - !!opencv-matrix
      rows: 3
      cols: 1
      dt: d
      data: [ -3.0471453243111499e+00, 3.5010132261426003e-04,
          2.7304552639739527e-01 ]
   - !!opencv-matrix
      rows: 3
      cols: 1
      dt: d
      data: [ -3.0478071314091379e+00, 8.4717111070820948e-03,
          8.3948178659885506e-02 ]
   - !!opencv-matrix
      rows: 3
      cols: 1
      dt: d
      data: [ -2.9967884141217955e+00, -1.2301555031833465e-02,
          1.5215905237953825e-01 ]
   - !!opencv-matrix
      rows: 3
      cols: 1
      dt: d
      data: [ -2.9776646284812620e+00, 5.5749751311157558e-02,
          1.5301308143066764e-01 ]
T:
   - !!opencv-matrix
      rows: 3
      cols: 1
      dt: d
      data: [ -3.7473297694763229e-02, 5.5483400168143793e-02,
          1.0019409641342136e+00 ]
   - !!opencv-matrix
      rows: 3
      cols: 1
      dt: d
      data: [ -1.5683444051638802e-02, -6.2585492000136935e-03,
          9.7193755732059595e-01 ]
   - !!opencv-matrix
      rows: 3
      cols: 1
      dt: d
      data: [ -4.8768663523476516e-02, -8.3158598282127433e-02,
          9.3694759925531301e-01 ]
   - !!opencv-matrix
      rows: 3
      cols: 1
      dt: d
      data: [ -3.5479718826524960e-02, -1.3215126433434021e-01,
          9.4509058623784681e-01 ]
   - !!opencv-matrix
      rows: 3
      cols: 1
      dt: d
      data: [ -5.6413457160373368e-02, -1.7167728868802454e-01,
          9.1578098866907476e-01 ]
   - !!opencv-matrix
      rows: 3
      cols: 1
      dt: d
      data: [ -1.9961334059153704e-01, -1.3652209077806829e-01,
          9.2752917176237815e-01 ]
   - !!opencv-matrix
      rows: 3
      cols: 1
      dt: d
      data: [ -2.8913995119417041e-01, -1.3321088661577157e-01,
          9.1576403852754074e-01 ]
   - !!opencv-matrix
      rows: 3
      cols: 1
      dt: d
      data: [ -2.9233634018095978e-01, -1.1213987559123918e-01,
          8.9130693271472050e-01 ]
   - !!opencv-matrix
      rows: 3
      cols: 1
      dt: d
      data: [ -2.8625646887290351e-01, -6.6579463371897948e-02,
          9.2546271877597808e-01 ]
   - !!opencv-matrix
      rows: 3
      cols: 1
      dt: d
      data: [ -2.6499740326968590e-01, 1.5043504190282279e-02,
          9.8267248093812731e-01 ]
   - !!opencv-matrix
      rows: 3
      cols: 1
      dt: d
      data: [ -1.6048746232395256e-01, 1.4870089836025847e-02,
          7.0923396858326726e-01 ]
Size: [ 960, 1280 ]
