%YAML:1.0
---
Date: "2022.02.6--17:20:02"
Pattern: Circles
SizePattern: "6 x 9"
CountPair: 5
RMSE: 2.1114128070787375e-01
AverageReprojectionErr: 2.1557749995478878e-01
cameraMatrixFirst: !!opencv-matrix
   rows: 3
   cols: 3
   dt: d
   data: [ 1.4000153191032311e+03, 0., 6.3555340184813190e+02, 0.,
       1.3964617949410667e+03, 4.9236493829186867e+02, 0., 0., 1. ]
cameraMatrixSecond: !!opencv-matrix
   rows: 3
   cols: 3
   dt: d
   data: [ 1.4063158839041732e+03, 0., 6.5664860247862634e+02, 0.,
       1.4016996128674532e+03, 4.8169473632141734e+02, 0., 0., 1. ]
DistCoeffsFirst: !!opencv-matrix
   rows: 1
   cols: 5
   dt: d
   data: [ -9.3454396086216127e-02, 7.1364564773967687e-01,
       1.4760088979319634e-03, 3.3382250874514725e-04,
       -3.4081082826614626e+00 ]
DistCoeffsSecond: !!opencv-matrix
   rows: 1
   cols: 5
   dt: d
   data: [ -8.6975219566079731e-02, 3.1471179572982122e-01,
       -6.9497939028004632e-04, -2.3056428195207660e-03,
       -4.0255959841037414e-01 ]
R: !!opencv-matrix
   rows: 3
   cols: 3
   dt: d
   data: [ 9.9939785741932041e-01, -9.0566026937424619e-04,
       -3.4685766030870938e-02, 1.2802091560912001e-03,
       9.9994109982983248e-01, 1.0777659097486189e-02,
       3.4673962135707878e-02, -1.0815574445282300e-02,
       9.9934015215002248e-01 ]
T: !!opencv-matrix
   rows: 3
   cols: 1
   dt: d
   data: [ 1.4852169802862636e-01, 3.1912421793277101e-04,
       2.8996616068968951e-03 ]
E: !!opencv-matrix
   rows: 3
   cols: 3
   dt: d
   data: [ 7.3531277104727637e-06, -2.9029423280711652e-03,
       2.8766208020648858e-04, -2.2519201366018090e-03,
       1.6037213734563494e-03, -1.4852427328957268e-01,
       -1.2879322195816781e-04, 1.4851323909346409e-01,
       1.6117852978903223e-03 ]
F: !!opencv-matrix
   rows: 3
   cols: 3
   dt: d
   data: [ -8.8959795275564079e-09, 3.5209819847471365e-06,
       -2.2151876285453095e-03, 2.7333961529552566e-06,
       -1.9515614959836075e-06, 2.5161812143835255e-01,
       -1.0916931676787139e-03, -2.5469430547677668e-01, 1. ]
R1: !!opencv-matrix
   rows: 3
   cols: 3
   dt: d
   data: [ 9.9988471400356371e-01, 1.0315271607963924e-03,
       -1.5149080953246389e-02, -9.4952010786685122e-04,
       9.9998486343607218e-01, 5.4195304505856119e-03,
       1.5154442041072639e-02, -5.4045212976365897e-03,
       9.9987055864045082e-01 ]
R2: !!opencv-matrix
   rows: 3
   cols: 3
   dt: d
   data: [ 9.9980716410585224e-01, 2.1482563394196394e-03,
       1.9519723289878731e-02, -2.0425754873744616e-03,
       9.9998315842477969e-01, -5.4323799738444827e-03,
       -1.9531064691707616e-02, 5.3914619076826376e-03,
       9.9979471375403184e-01 ]
P1: !!opencv-matrix
   rows: 3
   cols: 4
   dt: d
   data: [ 1.3990807039042600e+03, 0., 1.4419073181152344e+03, 0., 0.,
       1.3990807039042600e+03, 7.5656387710571289e+02, 0., 0., 0., 1.,
       0. ]
P2: !!opencv-matrix
   rows: 3
   cols: 4
   dt: d
   data: [ 1.3990807039042600e+03, 0., 6.2127589416503906e+02,
       2.0783391966267877e+02, 0., 1.3990807039042600e+03,
       7.5656387710571289e+02, 0., 0., 0., 1., 0. ]
Q: !!opencv-matrix
   rows: 4
   cols: 4
   dt: d
   data: [ 1., 0., 0., -1.4419073181152344e+03, 0., 1., 0.,
       -7.5656387710571289e+02, 0., 0., 0., 1.3990807039042600e+03, 0.,
       0., -6.7317245720766543e+00, 5.5242647212237835e+03 ]
ImgSize: [ 1280, 960 ]
