%YAML:1.0
---
Date: "2022.02.6--17:11:23"
CountImg: 7
RMSE: 1.6122817103945028e-01
MeanErr: 1.1697437678691929e+00
CameraMatrix: !!opencv-matrix
   rows: 3
   cols: 3
   dt: d
   data: [ 1.7939180496641277e+03, 0., 6.0505530068654718e+02, 0.,
       1.7866551372139463e+03, 4.6223672542929688e+02, 0., 0., 1. ]
DistCoeffs: !!opencv-matrix
   rows: 1
   cols: 5
   dt: d
   data: [ -3.6750480356318088e-02, -4.1455353948804796e-01,
       8.6798437830975768e-04, -4.7525260521615997e-03,
       2.9365954846491169e+00 ]
R:
   - !!opencv-matrix
      rows: 3
      cols: 1
      dt: d
      data: [ 5.1705365613115270e-02, -1.9305048571712281e-03,
          -3.2279563252462604e-02 ]
   - !!opencv-matrix
      rows: 3
      cols: 1
      dt: d
      data: [ 6.1856295109961629e-02, -4.5883102990372827e-02,
          -5.2149624472947555e-02 ]
   - !!opencv-matrix
      rows: 3
      cols: 1
      dt: d
      data: [ 9.0987453826887929e-02, -5.0098784010874829e-02,
          4.0436303508903766e-02 ]
   - !!opencv-matrix
      rows: 3
      cols: 1
      dt: d
      data: [ 1.0250456139584375e-01, 9.9858208137213300e-02,
          1.4503679950780441e-02 ]
   - !!opencv-matrix
      rows: 3
      cols: 1
      dt: d
      data: [ -3.5270018840945175e-02, 9.6348860741378800e-02,
          4.6697946003198395e-03 ]
   - !!opencv-matrix
      rows: 3
      cols: 1
      dt: d
      data: [ -4.5998067810493787e-02, 4.9172314841726766e-02,
          -1.1870850183317480e-02 ]
   - !!opencv-matrix
      rows: 3
      cols: 1
      dt: d
      data: [ -1.1146035851625564e-01, -1.6980512733487327e-01,
          -2.2077160888226251e-02 ]
T:
   - !!opencv-matrix
      rows: 3
      cols: 1
      dt: d
      data: [ 6.3671408384966011e+00, -9.6406204506122855e+00,
          5.1466676590179503e+01 ]
   - !!opencv-matrix
      rows: 3
      cols: 1
      dt: d
      data: [ 6.2215072508199354e+00, -4.5347422899324963e+00,
          5.3213043509716172e+01 ]
   - !!opencv-matrix
      rows: 3
      cols: 1
      dt: d
      data: [ 7.3026409758283970e+00, -3.4304167500397381e-01,
          5.4354265827754588e+01 ]
   - !!opencv-matrix
      rows: 3
      cols: 1
      dt: d
      data: [ 6.6295580772579532e+00, 5.5040963957824101e+00,
          5.7581780057289265e+01 ]
   - !!opencv-matrix
      rows: 3
      cols: 1
      dt: d
      data: [ -7.9581073810242122e+00, -9.8329867518612062e+00,
          5.8048744899501891e+01 ]
   - !!opencv-matrix
      rows: 3
      cols: 1
      dt: d
      data: [ -6.6769591293850841e+00, 3.2649480859499569e+00,
          6.5189899026399786e+01 ]
   - !!opencv-matrix
      rows: 3
      cols: 1
      dt: d
      data: [ -9.8950908317008341e+00, 5.7153247433586218e-01,
          6.6280011125295260e+01 ]
Size: [ 960, 1280 ]
objectPoints:
   - [ 0., 0., 0., 2., 0., 0., 4., 0., 0., 6., 0., 0., 8., 0., 0., 10.,
       0., 0., 1., 1., 0., 3., 1., 0., 5., 1., 0., 7., 1., 0., 9., 1.,
       0., 11., 1., 0., 0., 2., 0., 2., 2., 0., 4., 2., 0., 6., 2., 0.,
       8., 2., 0., 10., 2., 0., 1., 3., 0., 3., 3., 0., 5., 3., 0., 7.,
       3., 0., 9., 3., 0., 11., 3., 0., 0., 4., 0., 2., 4., 0., 4., 4.,
       0., 6., 4., 0., 8., 4., 0., 10., 4., 0., 1., 5., 0., 3., 5., 0.,
       5., 5., 0., 7., 5., 0., 9., 5., 0., 11., 5., 0., 0., 6., 0., 2.,
       6., 0., 4., 6., 0., 6., 6., 0., 8., 6., 0., 10., 6., 0., 1., 7.,
       0., 3., 7., 0., 5., 7., 0., 7., 7., 0., 9., 7., 0., 11., 7., 0.,
       0., 8., 0., 2., 8., 0., 4., 8., 0., 6., 8., 0., 8., 8., 0., 10.,
       8., 0. ]
   - [ 0., 0., 0., 2., 0., 0., 4., 0., 0., 6., 0., 0., 8., 0., 0., 10.,
       0., 0., 1., 1., 0., 3., 1., 0., 5., 1., 0., 7., 1., 0., 9., 1.,
       0., 11., 1., 0., 0., 2., 0., 2., 2., 0., 4., 2., 0., 6., 2., 0.,
       8., 2., 0., 10., 2., 0., 1., 3., 0., 3., 3., 0., 5., 3., 0., 7.,
       3., 0., 9., 3., 0., 11., 3., 0., 0., 4., 0., 2., 4., 0., 4., 4.,
       0., 6., 4., 0., 8., 4., 0., 10., 4., 0., 1., 5., 0., 3., 5., 0.,
       5., 5., 0., 7., 5., 0., 9., 5., 0., 11., 5., 0., 0., 6., 0., 2.,
       6., 0., 4., 6., 0., 6., 6., 0., 8., 6., 0., 10., 6., 0., 1., 7.,
       0., 3., 7., 0., 5., 7., 0., 7., 7., 0., 9., 7., 0., 11., 7., 0.,
       0., 8., 0., 2., 8., 0., 4., 8., 0., 6., 8., 0., 8., 8., 0., 10.,
       8., 0. ]
   - [ 0., 0., 0., 2., 0., 0., 4., 0., 0., 6., 0., 0., 8., 0., 0., 10.,
       0., 0., 1., 1., 0., 3., 1., 0., 5., 1., 0., 7., 1., 0., 9., 1.,
       0., 11., 1., 0., 0., 2., 0., 2., 2., 0., 4., 2., 0., 6., 2., 0.,
       8., 2., 0., 10., 2., 0., 1., 3., 0., 3., 3., 0., 5., 3., 0., 7.,
       3., 0., 9., 3., 0., 11., 3., 0., 0., 4., 0., 2., 4., 0., 4., 4.,
       0., 6., 4., 0., 8., 4., 0., 10., 4., 0., 1., 5., 0., 3., 5., 0.,
       5., 5., 0., 7., 5., 0., 9., 5., 0., 11., 5., 0., 0., 6., 0., 2.,
       6., 0., 4., 6., 0., 6., 6., 0., 8., 6., 0., 10., 6., 0., 1., 7.,
       0., 3., 7., 0., 5., 7., 0., 7., 7., 0., 9., 7., 0., 11., 7., 0.,
       0., 8., 0., 2., 8., 0., 4., 8., 0., 6., 8., 0., 8., 8., 0., 10.,
       8., 0. ]
   - [ 0., 0., 0., 2., 0., 0., 4., 0., 0., 6., 0., 0., 8., 0., 0., 10.,
       0., 0., 1., 1., 0., 3., 1., 0., 5., 1., 0., 7., 1., 0., 9., 1.,
       0., 11., 1., 0., 0., 2., 0., 2., 2., 0., 4., 2., 0., 6., 2., 0.,
       8., 2., 0., 10., 2., 0., 1., 3., 0., 3., 3., 0., 5., 3., 0., 7.,
       3., 0., 9., 3., 0., 11., 3., 0., 0., 4., 0., 2., 4., 0., 4., 4.,
       0., 6., 4., 0., 8., 4., 0., 10., 4., 0., 1., 5., 0., 3., 5., 0.,
       5., 5., 0., 7., 5., 0., 9., 5., 0., 11., 5., 0., 0., 6., 0., 2.,
       6., 0., 4., 6., 0., 6., 6., 0., 8., 6., 0., 10., 6., 0., 1., 7.,
       0., 3., 7., 0., 5., 7., 0., 7., 7., 0., 9., 7., 0., 11., 7., 0.,
       0., 8., 0., 2., 8., 0., 4., 8., 0., 6., 8., 0., 8., 8., 0., 10.,
       8., 0. ]
   - [ 0., 0., 0., 2., 0., 0., 4., 0., 0., 6., 0., 0., 8., 0., 0., 10.,
       0., 0., 1., 1., 0., 3., 1., 0., 5., 1., 0., 7., 1., 0., 9., 1.,
       0., 11., 1., 0., 0., 2., 0., 2., 2., 0., 4., 2., 0., 6., 2., 0.,
       8., 2., 0., 10., 2., 0., 1., 3., 0., 3., 3., 0., 5., 3., 0., 7.,
       3., 0., 9., 3., 0., 11., 3., 0., 0., 4., 0., 2., 4., 0., 4., 4.,
       0., 6., 4., 0., 8., 4., 0., 10., 4., 0., 1., 5., 0., 3., 5., 0.,
       5., 5., 0., 7., 5., 0., 9., 5., 0., 11., 5., 0., 0., 6., 0., 2.,
       6., 0., 4., 6., 0., 6., 6., 0., 8., 6., 0., 10., 6., 0., 1., 7.,
       0., 3., 7., 0., 5., 7., 0., 7., 7., 0., 9., 7., 0., 11., 7., 0.,
       0., 8., 0., 2., 8., 0., 4., 8., 0., 6., 8., 0., 8., 8., 0., 10.,
       8., 0. ]
   - [ 0., 0., 0., 2., 0., 0., 4., 0., 0., 6., 0., 0., 8., 0., 0., 10.,
       0., 0., 1., 1., 0., 3., 1., 0., 5., 1., 0., 7., 1., 0., 9., 1.,
       0., 11., 1., 0., 0., 2., 0., 2., 2., 0., 4., 2., 0., 6., 2., 0.,
       8., 2., 0., 10., 2., 0., 1., 3., 0., 3., 3., 0., 5., 3., 0., 7.,
       3., 0., 9., 3., 0., 11., 3., 0., 0., 4., 0., 2., 4., 0., 4., 4.,
       0., 6., 4., 0., 8., 4., 0., 10., 4., 0., 1., 5., 0., 3., 5., 0.,
       5., 5., 0., 7., 5., 0., 9., 5., 0., 11., 5., 0., 0., 6., 0., 2.,
       6., 0., 4., 6., 0., 6., 6., 0., 8., 6., 0., 10., 6., 0., 1., 7.,
       0., 3., 7., 0., 5., 7., 0., 7., 7., 0., 9., 7., 0., 11., 7., 0.,
       0., 8., 0., 2., 8., 0., 4., 8., 0., 6., 8., 0., 8., 8., 0., 10.,
       8., 0. ]
   - [ 0., 0., 0., 2., 0., 0., 4., 0., 0., 6., 0., 0., 8., 0., 0., 10.,
       0., 0., 1., 1., 0., 3., 1., 0., 5., 1., 0., 7., 1., 0., 9., 1.,
       0., 11., 1., 0., 0., 2., 0., 2., 2., 0., 4., 2., 0., 6., 2., 0.,
       8., 2., 0., 10., 2., 0., 1., 3., 0., 3., 3., 0., 5., 3., 0., 7.,
       3., 0., 9., 3., 0., 11., 3., 0., 0., 4., 0., 2., 4., 0., 4., 4.,
       0., 6., 4., 0., 8., 4., 0., 10., 4., 0., 1., 5., 0., 3., 5., 0.,
       5., 5., 0., 7., 5., 0., 9., 5., 0., 11., 5., 0., 0., 6., 0., 2.,
       6., 0., 4., 6., 0., 6., 6., 0., 8., 6., 0., 10., 6., 0., 1., 7.,
       0., 3., 7., 0., 5., 7., 0., 7., 7., 0., 9., 7., 0., 11., 7., 0.,
       0., 8., 0., 2., 8., 0., 4., 8., 0., 6., 8., 0., 8., 8., 0., 10.,
       8., 0. ]
