%YAML:1.0
---
Date: "2022.26.5--12:23:34"
CountImg: 5
RMSE: 1.1829432996109975e-01
MeanErr: 8.6402033489684649e-01
CameraMatrix: !!opencv-matrix
   rows: 3
   cols: 3
   dt: d
   data: [ 8.1722276312170720e+02, 0., 2.7570648252756268e+02, 0.,
       8.1350540973332386e+02, 2.6713643583341303e+02, 0., 0., 1. ]
DistCoeffs: !!opencv-matrix
   rows: 1
   cols: 5
   dt: d
   data: [ 5.2656607230374533e-02, 7.0457154489865026e-01,
       1.2355560425035337e-02, -1.3235544181052158e-02,
       -9.6420761630631469e-01 ]
R:
   - !!opencv-matrix
      rows: 3
      cols: 1
      dt: d
      data: [ -9.0543087735261402e-02, -1.5308607615522879e-01,
          -1.4909659910447581e-01 ]
   - !!opencv-matrix
      rows: 3
      cols: 1
      dt: d
      data: [ -1.5600598101830679e-01, -2.2991165017388554e-01,
          5.8455188194358972e-02 ]
   - !!opencv-matrix
      rows: 3
      cols: 1
      dt: d
      data: [ -1.2548111181878538e-01, -2.1542045339205665e-01,
          -8.4167622205186712e-02 ]
   - !!opencv-matrix
      rows: 3
      cols: 1
      dt: d
      data: [ -2.1122001158557149e-01, 5.2735198437739628e-01,
          -2.2024577100746454e-01 ]
   - !!opencv-matrix
      rows: 3
      cols: 1
      dt: d
      data: [ -1.3394759855214963e-01, -2.0903042876262121e-01,
          4.3656806385497425e-02 ]
T:
   - !!opencv-matrix
      rows: 3
      cols: 1
      dt: d
      data: [ -1.2847318876547849e+01, -8.1943436606076225e-01,
          4.6451943676572860e+01 ]
   - !!opencv-matrix
      rows: 3
      cols: 1
      dt: d
      data: [ -7.5280786774998152e+00, -1.8675733148011786e+00,
          4.8043466411096190e+01 ]
   - !!opencv-matrix
      rows: 3
      cols: 1
      dt: d
      data: [ -1.2993358091826442e+01, -9.9763846282454853e+00,
          5.0686153726559347e+01 ]
   - !!opencv-matrix
      rows: 3
      cols: 1
      dt: d
      data: [ -1.6069798466973655e+01, -8.3804131632689316e+00,
          5.2451404625774842e+01 ]
   - !!opencv-matrix
      rows: 3
      cols: 1
      dt: d
      data: [ -6.4024379910906344e+00, -7.6441588129502946e+00,
          5.1329127020214713e+01 ]
Size: [ 480, 640 ]
objectPoints:
   - [ 0., 0., 0., 2., 0., 0., 4., 0., 0., 6., 0., 0., 8., 0., 0., 10.,
       0., 0., 1., 1., 0., 3., 1., 0., 5., 1., 0., 7., 1., 0., 9., 1.,
       0., 11., 1., 0., 0., 2., 0., 2., 2., 0., 4., 2., 0., 6., 2., 0.,
       8., 2., 0., 10., 2., 0., 1., 3., 0., 3., 3., 0., 5., 3., 0., 7.,
       3., 0., 9., 3., 0., 11., 3., 0., 0., 4., 0., 2., 4., 0., 4., 4.,
       0., 6., 4., 0., 8., 4., 0., 10., 4., 0., 1., 5., 0., 3., 5., 0.,
       5., 5., 0., 7., 5., 0., 9., 5., 0., 11., 5., 0., 0., 6., 0., 2.,
       6., 0., 4., 6., 0., 6., 6., 0., 8., 6., 0., 10., 6., 0., 1., 7.,
       0., 3., 7., 0., 5., 7., 0., 7., 7., 0., 9., 7., 0., 11., 7., 0.,
       0., 8., 0., 2., 8., 0., 4., 8., 0., 6., 8., 0., 8., 8., 0., 10.,
       8., 0. ]
   - [ 0., 0., 0., 2., 0., 0., 4., 0., 0., 6., 0., 0., 8., 0., 0., 10.,
       0., 0., 1., 1., 0., 3., 1., 0., 5., 1., 0., 7., 1., 0., 9., 1.,
       0., 11., 1., 0., 0., 2., 0., 2., 2., 0., 4., 2., 0., 6., 2., 0.,
       8., 2., 0., 10., 2., 0., 1., 3., 0., 3., 3., 0., 5., 3., 0., 7.,
       3., 0., 9., 3., 0., 11., 3., 0., 0., 4., 0., 2., 4., 0., 4., 4.,
       0., 6., 4., 0., 8., 4., 0., 10., 4., 0., 1., 5., 0., 3., 5., 0.,
       5., 5., 0., 7., 5., 0., 9., 5., 0., 11., 5., 0., 0., 6., 0., 2.,
       6., 0., 4., 6., 0., 6., 6., 0., 8., 6., 0., 10., 6., 0., 1., 7.,
       0., 3., 7., 0., 5., 7., 0., 7., 7., 0., 9., 7., 0., 11., 7., 0.,
       0., 8., 0., 2., 8., 0., 4., 8., 0., 6., 8., 0., 8., 8., 0., 10.,
       8., 0. ]
   - [ 0., 0., 0., 2., 0., 0., 4., 0., 0., 6., 0., 0., 8., 0., 0., 10.,
       0., 0., 1., 1., 0., 3., 1., 0., 5., 1., 0., 7., 1., 0., 9., 1.,
       0., 11., 1., 0., 0., 2., 0., 2., 2., 0., 4., 2., 0., 6., 2., 0.,
       8., 2., 0., 10., 2., 0., 1., 3., 0., 3., 3., 0., 5., 3., 0., 7.,
       3., 0., 9., 3., 0., 11., 3., 0., 0., 4., 0., 2., 4., 0., 4., 4.,
       0., 6., 4., 0., 8., 4., 0., 10., 4., 0., 1., 5., 0., 3., 5., 0.,
       5., 5., 0., 7., 5., 0., 9., 5., 0., 11., 5., 0., 0., 6., 0., 2.,
       6., 0., 4., 6., 0., 6., 6., 0., 8., 6., 0., 10., 6., 0., 1., 7.,
       0., 3., 7., 0., 5., 7., 0., 7., 7., 0., 9., 7., 0., 11., 7., 0.,
       0., 8., 0., 2., 8., 0., 4., 8., 0., 6., 8., 0., 8., 8., 0., 10.,
       8., 0. ]
   - [ 0., 0., 0., 2., 0., 0., 4., 0., 0., 6., 0., 0., 8., 0., 0., 10.,
       0., 0., 1., 1., 0., 3., 1., 0., 5., 1., 0., 7., 1., 0., 9., 1.,
       0., 11., 1., 0., 0., 2., 0., 2., 2., 0., 4., 2., 0., 6., 2., 0.,
       8., 2., 0., 10., 2., 0., 1., 3., 0., 3., 3., 0., 5., 3., 0., 7.,
       3., 0., 9., 3., 0., 11., 3., 0., 0., 4., 0., 2., 4., 0., 4., 4.,
       0., 6., 4., 0., 8., 4., 0., 10., 4., 0., 1., 5., 0., 3., 5., 0.,
       5., 5., 0., 7., 5., 0., 9., 5., 0., 11., 5., 0., 0., 6., 0., 2.,
       6., 0., 4., 6., 0., 6., 6., 0., 8., 6., 0., 10., 6., 0., 1., 7.,
       0., 3., 7., 0., 5., 7., 0., 7., 7., 0., 9., 7., 0., 11., 7., 0.,
       0., 8., 0., 2., 8., 0., 4., 8., 0., 6., 8., 0., 8., 8., 0., 10.,
       8., 0. ]
   - [ 0., 0., 0., 2., 0., 0., 4., 0., 0., 6., 0., 0., 8., 0., 0., 10.,
       0., 0., 1., 1., 0., 3., 1., 0., 5., 1., 0., 7., 1., 0., 9., 1.,
       0., 11., 1., 0., 0., 2., 0., 2., 2., 0., 4., 2., 0., 6., 2., 0.,
       8., 2., 0., 10., 2., 0., 1., 3., 0., 3., 3., 0., 5., 3., 0., 7.,
       3., 0., 9., 3., 0., 11., 3., 0., 0., 4., 0., 2., 4., 0., 4., 4.,
       0., 6., 4., 0., 8., 4., 0., 10., 4., 0., 1., 5., 0., 3., 5., 0.,
       5., 5., 0., 7., 5., 0., 9., 5., 0., 11., 5., 0., 0., 6., 0., 2.,
       6., 0., 4., 6., 0., 6., 6., 0., 8., 6., 0., 10., 6., 0., 1., 7.,
       0., 3., 7., 0., 5., 7., 0., 7., 7., 0., 9., 7., 0., 11., 7., 0.,
       0., 8., 0., 2., 8., 0., 4., 8., 0., 6., 8., 0., 8., 8., 0., 10.,
       8., 0. ]
