%YAML:1.0
---
Date: "2022.02.6--17:08:32"
CountImg: 5
RMSE: 1.8298054952920012e-01
MeanErr: 1.3385949987244585e+00
CameraMatrix: !!opencv-matrix
   rows: 3
   cols: 3
   dt: d
   data: [ 1.7683358838321842e+03, 0., 5.7920486796712521e+02, 0.,
       1.7665055883494158e+03, 5.0353253502106878e+02, 0., 0., 1. ]
DistCoeffs: !!opencv-matrix
   rows: 1
   cols: 5
   dt: d
   data: [ -8.2058751160430626e-02, 5.7470889819104209e-01,
       5.0361393253403489e-04, 3.3458825124347141e-03,
       -6.8935930918385946e+00 ]
R:
   - !!opencv-matrix
      rows: 3
      cols: 1
      dt: d
      data: [ -1.3585105462535598e-02, 7.5742437051766615e-02,
          -3.4727711010934560e-02 ]
   - !!opencv-matrix
      rows: 3
      cols: 1
      dt: d
      data: [ -4.7259688463095986e-02, 4.1890411009141905e-02,
          -3.7327463498982312e-02 ]
   - !!opencv-matrix
      rows: 3
      cols: 1
      dt: d
      data: [ 3.0221423550511096e-02, 7.8164292285491412e-03,
          -3.0523349917352910e-03 ]
   - !!opencv-matrix
      rows: 3
      cols: 1
      dt: d
      data: [ 9.7463358429181732e-02, 1.2304899652605331e-01,
          7.1911430320758279e-02 ]
   - !!opencv-matrix
      rows: 3
      cols: 1
      dt: d
      data: [ 7.6690437511663725e-02, 1.0737139150676037e-01,
          4.9728151702500306e-02 ]
T:
   - !!opencv-matrix
      rows: 3
      cols: 1
      dt: d
      data: [ -8.8910679284968153e-02, -5.4776765217798826e-02,
          5.8570577161084614e-01 ]
   - !!opencv-matrix
      rows: 3
      cols: 1
      dt: d
      data: [ -9.5877047243710101e-02, -1.2554545956259275e-01,
          5.7246117982065847e-01 ]
   - !!opencv-matrix
      rows: 3
      cols: 1
      dt: d
      data: [ -8.5302835089197726e-02, 2.7911838971990947e-02,
          6.4040488919868521e-01 ]
   - !!opencv-matrix
      rows: 3
      cols: 1
      dt: d
      data: [ -9.9219850964282361e-02, -4.6690555817282223e-02,
          6.2128240297551562e-01 ]
   - !!opencv-matrix
      rows: 3
      cols: 1
      dt: d
      data: [ -1.2269964532056292e-01, -1.0328585791133663e-01,
          6.2068528711545834e-01 ]
Size: [ 960, 1280 ]
objectPoints:
   - [ 0., 0., 0., 2.09999997e-02, 0., 0., 4.19999994e-02, 0., 0.,
       6.30000010e-02, 0., 0., 8.39999989e-02, 0., 0., 1.04999997e-01,
       0., 0., 1.26000002e-01, 0., 0., 1.47000000e-01, 0., 0.,
       1.67999998e-01, 0., 0., 0., 2.09999997e-02, 0., 2.09999997e-02,
       2.09999997e-02, 0., 4.19999994e-02, 2.09999997e-02, 0.,
       6.30000010e-02, 2.09999997e-02, 0., 8.39999989e-02,
       2.09999997e-02, 0., 1.04999997e-01, 2.09999997e-02, 0.,
       1.26000002e-01, 2.09999997e-02, 0., 1.47000000e-01,
       2.09999997e-02, 0., 1.67999998e-01, 2.09999997e-02, 0., 0.,
       4.19999994e-02, 0., 2.09999997e-02, 4.19999994e-02, 0.,
       4.19999994e-02, 4.19999994e-02, 0., 6.30000010e-02,
       4.19999994e-02, 0., 8.39999989e-02, 4.19999994e-02, 0.,
       1.04999997e-01, 4.19999994e-02, 0., 1.26000002e-01,
       4.19999994e-02, 0., 1.47000000e-01, 4.19999994e-02, 0.,
       1.67999998e-01, 4.19999994e-02, 0., 0., 6.30000010e-02, 0.,
       2.09999997e-02, 6.30000010e-02, 0., 4.19999994e-02,
       6.30000010e-02, 0., 6.30000010e-02, 6.30000010e-02, 0.,
       8.39999989e-02, 6.30000010e-02, 0., 1.04999997e-01,
       6.30000010e-02, 0., 1.26000002e-01, 6.30000010e-02, 0.,
       1.47000000e-01, 6.30000010e-02, 0., 1.67999998e-01,
       6.30000010e-02, 0., 0., 8.39999989e-02, 0., 2.09999997e-02,
       8.39999989e-02, 0., 4.19999994e-02, 8.39999989e-02, 0.,
       6.30000010e-02, 8.39999989e-02, 0., 8.39999989e-02,
       8.39999989e-02, 0., 1.04999997e-01, 8.39999989e-02, 0.,
       1.26000002e-01, 8.39999989e-02, 0., 1.47000000e-01,
       8.39999989e-02, 0., 1.67999998e-01, 8.39999989e-02, 0., 0.,
       1.04999997e-01, 0., 2.09999997e-02, 1.04999997e-01, 0.,
       4.19999994e-02, 1.04999997e-01, 0., 6.30000010e-02,
       1.04999997e-01, 0., 8.39999989e-02, 1.04999997e-01, 0.,
       1.04999997e-01, 1.04999997e-01, 0., 1.26000002e-01,
       1.04999997e-01, 0., 1.47000000e-01, 1.04999997e-01, 0.,
       1.67999998e-01, 1.04999997e-01, 0. ]
   - [ 0., 0., 0., 2.09999997e-02, 0., 0., 4.19999994e-02, 0., 0.,
       6.30000010e-02, 0., 0., 8.39999989e-02, 0., 0., 1.04999997e-01,
       0., 0., 1.26000002e-01, 0., 0., 1.47000000e-01, 0., 0.,
       1.67999998e-01, 0., 0., 0., 2.09999997e-02, 0., 2.09999997e-02,
       2.09999997e-02, 0., 4.19999994e-02, 2.09999997e-02, 0.,
       6.30000010e-02, 2.09999997e-02, 0., 8.39999989e-02,
       2.09999997e-02, 0., 1.04999997e-01, 2.09999997e-02, 0.,
       1.26000002e-01, 2.09999997e-02, 0., 1.47000000e-01,
       2.09999997e-02, 0., 1.67999998e-01, 2.09999997e-02, 0., 0.,
       4.19999994e-02, 0., 2.09999997e-02, 4.19999994e-02, 0.,
       4.19999994e-02, 4.19999994e-02, 0., 6.30000010e-02,
       4.19999994e-02, 0., 8.39999989e-02, 4.19999994e-02, 0.,
       1.04999997e-01, 4.19999994e-02, 0., 1.26000002e-01,
       4.19999994e-02, 0., 1.47000000e-01, 4.19999994e-02, 0.,
       1.67999998e-01, 4.19999994e-02, 0., 0., 6.30000010e-02, 0.,
       2.09999997e-02, 6.30000010e-02, 0., 4.19999994e-02,
       6.30000010e-02, 0., 6.30000010e-02, 6.30000010e-02, 0.,
       8.39999989e-02, 6.30000010e-02, 0., 1.04999997e-01,
       6.30000010e-02, 0., 1.26000002e-01, 6.30000010e-02, 0.,
       1.47000000e-01, 6.30000010e-02, 0., 1.67999998e-01,
       6.30000010e-02, 0., 0., 8.39999989e-02, 0., 2.09999997e-02,
       8.39999989e-02, 0., 4.19999994e-02, 8.39999989e-02, 0.,
       6.30000010e-02, 8.39999989e-02, 0., 8.39999989e-02,
       8.39999989e-02, 0., 1.04999997e-01, 8.39999989e-02, 0.,
       1.26000002e-01, 8.39999989e-02, 0., 1.47000000e-01,
       8.39999989e-02, 0., 1.67999998e-01, 8.39999989e-02, 0., 0.,
       1.04999997e-01, 0., 2.09999997e-02, 1.04999997e-01, 0.,
       4.19999994e-02, 1.04999997e-01, 0., 6.30000010e-02,
       1.04999997e-01, 0., 8.39999989e-02, 1.04999997e-01, 0.,
       1.04999997e-01, 1.04999997e-01, 0., 1.26000002e-01,
       1.04999997e-01, 0., 1.47000000e-01, 1.04999997e-01, 0.,
       1.67999998e-01, 1.04999997e-01, 0. ]
   - [ 0., 0., 0., 2.09999997e-02, 0., 0., 4.19999994e-02, 0., 0.,
       6.30000010e-02, 0., 0., 8.39999989e-02, 0., 0., 1.04999997e-01,
       0., 0., 1.26000002e-01, 0., 0., 1.47000000e-01, 0., 0.,
       1.67999998e-01, 0., 0., 0., 2.09999997e-02, 0., 2.09999997e-02,
       2.09999997e-02, 0., 4.19999994e-02, 2.09999997e-02, 0.,
       6.30000010e-02, 2.09999997e-02, 0., 8.39999989e-02,
       2.09999997e-02, 0., 1.04999997e-01, 2.09999997e-02, 0.,
       1.26000002e-01, 2.09999997e-02, 0., 1.47000000e-01,
       2.09999997e-02, 0., 1.67999998e-01, 2.09999997e-02, 0., 0.,
       4.19999994e-02, 0., 2.09999997e-02, 4.19999994e-02, 0.,
       4.19999994e-02, 4.19999994e-02, 0., 6.30000010e-02,
       4.19999994e-02, 0., 8.39999989e-02, 4.19999994e-02, 0.,
       1.04999997e-01, 4.19999994e-02, 0., 1.26000002e-01,
       4.19999994e-02, 0., 1.47000000e-01, 4.19999994e-02, 0.,
       1.67999998e-01, 4.19999994e-02, 0., 0., 6.30000010e-02, 0.,
       2.09999997e-02, 6.30000010e-02, 0., 4.19999994e-02,
       6.30000010e-02, 0., 6.30000010e-02, 6.30000010e-02, 0.,
       8.39999989e-02, 6.30000010e-02, 0., 1.04999997e-01,
       6.30000010e-02, 0., 1.26000002e-01, 6.30000010e-02, 0.,
       1.47000000e-01, 6.30000010e-02, 0., 1.67999998e-01,
       6.30000010e-02, 0., 0., 8.39999989e-02, 0., 2.09999997e-02,
       8.39999989e-02, 0., 4.19999994e-02, 8.39999989e-02, 0.,
       6.30000010e-02, 8.39999989e-02, 0., 8.39999989e-02,
       8.39999989e-02, 0., 1.04999997e-01, 8.39999989e-02, 0.,
       1.26000002e-01, 8.39999989e-02, 0., 1.47000000e-01,
       8.39999989e-02, 0., 1.67999998e-01, 8.39999989e-02, 0., 0.,
       1.04999997e-01, 0., 2.09999997e-02, 1.04999997e-01, 0.,
       4.19999994e-02, 1.04999997e-01, 0., 6.30000010e-02,
       1.04999997e-01, 0., 8.39999989e-02, 1.04999997e-01, 0.,
