%YAML:1.0
---
FirstCameraName: None
FirstCameraIndex: -1
SecondCameraName: None
SecondCameraIndex: -1
Exposure: 0.
Gain: 0.
Pattern: ChArUco
Row: 6
Col: 9
CheckerSize: 2.1000000000000001e-02
MarkerSize: 1.6000000000000000e-02
DictionaryName: DICT_5X5_100
isWebCamera: 0
isBaslerCamera: 0
SettingCalibration:
   isUseParametr: 0
   isFixedFocal: 0
   isFixedAspectRatio: 0
   isFixedPrincipalPoint: 0
   isfixedK1: 0
   isfixedK2: 0
   isfixedK3: 0
   isfixedK4: 0
   iszeroTangent: 0
   isCaibration: 1
   isStereoCaibration: 0
   isUseSingleCalibratedInStereo: 0
   numCamera: 1
   cameraModel: 0
   fx: 0.
   fy: 0.
   cx: 0.
   cy: 0.
   k1: 0.
   k2: 0.
   k3: 0.
   k4: 0.
ImageInfoCamera1:
   -
      isActive: 1
      isCalib: 1
      cameraPath: "D:/PRoG/Git-repos/Camera-calibration-With-OpenCV/DebugTest/Test3/Camera1/Accumulated\\1.png"
      drawPath: NONE
      undistortedPath: "D:/PRoG/Git-repos/Camera-calibration-With-OpenCV/DebugTest/Test3/Camera1/Undistorted/1.png"
      state: Succes
      err: 7.0010383159985778e-01
      imgpoint:
         - [ 1.6329759216308594e+02, 2.9628701782226562e+02 ]
         - [ 1.9071720886230469e+02, 2.9498635864257812e+02 ]
         - [ 2.1756921386718750e+02, 2.9370327758789062e+02 ]
         - [ 2.4431692504882812e+02, 2.9221618652343750e+02 ]
         - [ 2.7089974975585938e+02, 2.9094216918945312e+02 ]
         - [ 2.9726171875000000e+02, 2.8964901733398438e+02 ]
         - [ 3.2379922485351562e+02, 2.8817984008789062e+02 ]
         - [ 3.5011431884765625e+02, 2.8686859130859375e+02 ]
         - [ 1.6276524353027344e+02, 2.6996801757812500e+02 ]
         - [ 1.8977018737792969e+02, 2.6853109741210938e+02 ]
         - [ 2.1670591735839844e+02, 2.6724774169921875e+02 ]
         - [ 2.4313325500488281e+02, 2.6608248901367188e+02 ]
         - [ 2.6969430541992188e+02, 2.6484442138671875e+02 ]
         - [ 2.9594128417968750e+02, 2.6341290283203125e+02 ]
         - [ 3.2231097412109375e+02, 2.6216397094726562e+02 ]
         - [ 3.4857537841796875e+02, 2.6091680908203125e+02 ]
         - [ 1.6189024353027344e+02, 2.4379054260253906e+02 ]
         - [ 1.8891003417968750e+02, 2.4237525939941406e+02 ]
         - [ 2.1570523071289062e+02, 2.4124353027343750e+02 ]
         - [ 2.4204559326171875e+02, 2.4004824829101562e+02 ]
         - [ 2.6833511352539062e+02, 2.3888092041015625e+02 ]
         - [ 2.9469195556640625e+02, 2.3768605041503906e+02 ]
         - [ 3.2090017700195312e+02, 2.3625093078613281e+02 ]
         - [ 3.4707666015625000e+02, 2.3507405090332031e+02 ]
         - [ 1.6101011657714844e+02, 2.1769694519042969e+02 ]
         - [ 1.8793582153320312e+02, 2.1628105163574219e+02 ]
         - [ 2.1459152221679688e+02, 2.1522744750976562e+02 ]
         - [ 2.4096990966796875e+02, 2.1409408569335938e+02 ]
         - [ 2.6713281250000000e+02, 2.1298539733886719e+02 ]
         - [ 2.9320889282226562e+02, 2.1183099365234375e+02 ]
         - [ 3.1947381591796875e+02, 2.1069889831542969e+02 ]
         - [ 3.4540396118164062e+02, 2.0928288269042969e+02 ]
         - [ 1.6009214782714844e+02, 1.9180607604980469e+02 ]
         - [ 1.8698590087890625e+02, 1.9070791625976562e+02 ]
         - [ 2.1342945861816406e+02, 1.8958283996582031e+02 ]
         - [ 2.3984529113769531e+02, 1.8855480957031250e+02 ]
         - [ 2.6593313598632812e+02, 1.8738871765136719e+02 ]
         - [ 2.9198837280273438e+02, 1.8631336975097656e+02 ]
         - [ 3.1797933959960938e+02, 1.8512118530273438e+02 ]
         - [ 3.4400509643554688e+02, 1.8403747558593750e+02 ]
      reprojectPoint:
         - [ 1.6352355957031250e+02, 2.9636233520507812e+02 ]
         - [ 1.9066862487792969e+02, 2.9497549438476562e+02 ]
         - [ 2.1758207702636719e+02, 2.9361383056640625e+02 ]
         - [ 2.4431712341308594e+02, 2.9226901245117188e+02 ]
         - [ 2.7091787719726562e+02, 2.9093115234375000e+02 ]
         - [ 2.9741284179687500e+02, 2.8959118652343750e+02 ]
         - [ 3.2381503295898438e+02, 2.8824267578125000e+02 ]
         - [ 3.5012628173828125e+02, 2.8688223266601562e+02 ]
         - [ 1.6274212646484375e+02, 2.6989154052734375e+02 ]
         - [ 1.8975584411621094e+02, 2.6859963989257812e+02 ]
         - [ 2.1654336547851562e+02, 2.6731869506835938e+02 ]
         - [ 2.4315968322753906e+02, 2.6604275512695312e+02 ]
         - [ 2.6964892578125000e+02, 2.6476541137695312e+02 ]
         - [ 2.9603854370117188e+02, 2.6348129272460938e+02 ]
         - [ 3.2233969116210938e+02, 2.6218676757812500e+02 ]
         - [ 3.4855206298828125e+02, 2.6088024902343750e+02 ]
         - [ 1.6193191528320312e+02, 2.4364100646972656e+02 ]
         - [ 1.8882955932617188e+02, 2.4243658447265625e+02 ]
         - [ 2.1550448608398438e+02, 2.4122875976562500e+02 ]
         - [ 2.4201191711425781e+02, 2.4001475524902344e+02 ]
         - [ 2.6839559936523438e+02, 2.3879228210449219e+02 ]
         - [ 2.9468237304687500e+02, 2.3755986022949219e+02 ]
         - [ 3.2088272094726562e+02, 2.3631687927246094e+02 ]
         - [ 3.4699566650390625e+02, 2.3506341552734375e+02 ]
         - [ 1.6109600830078125e+02, 2.1758969116210938e+02 ]
         - [ 1.8789303588867188e+02, 2.1646972656250000e+02 ]
         - [ 2.1446846008300781e+02, 2.1533251953125000e+02 ]
         - [ 2.4087631225585938e+02, 2.1417855834960938e+02 ]
         - [ 2.6715972900390625e+02, 2.1300953674316406e+02 ]
         - [ 2.9334552001953125e+02, 2.1182775878906250e+02 ]
         - [ 3.1944461059570312e+02, 2.1063549804687500e+02 ]
         - [ 3.4545672607421875e+02, 2.0943441772460938e+02 ]
         - [ 1.6023376464843750e+02, 1.9171833801269531e+02 ]
         - [ 1.8694482421875000e+02, 1.9068424987792969e+02 ]
         - [ 2.1343336486816406e+02, 1.8962004089355469e+02 ]
         - [ 2.3975091552734375e+02, 1.8852885437011719e+02 ]
         - [ 2.6593966674804688e+02, 1.8741581726074219e+02 ]
         - [ 2.9202691650390625e+02, 1.8628649902343750e+02 ]
         - [ 3.1802496337890625e+02, 1.8514570617675781e+02 ]
         - [ 3.4393548583984375e+02, 1.8399650573730469e+02 ]
      charucoIds: [ 0, 1, 2, 3, 4, 5, 6, 7, 8, 9, 10, 11, 12, 13, 14, 15,
          16, 17, 18, 19, 20, 21, 22, 23, 24, 25, 26, 27, 28, 29, 30, 31,
          32, 33, 34, 35, 36, 37, 38, 39 ]
   -
      isActive: 1
      isCalib: 1
      cameraPath: "D:/PRoG/Git-repos/Camera-calibration-With-OpenCV/DebugTest/Test3/Camera1/Accumulated\\10.png"
      drawPath: NONE
      undistortedPath: "D:/PRoG/Git-repos/Camera-calibration-With-OpenCV/DebugTest/Test3/Camera1/Undistorted/2.png"
      state: Succes
      err: 1.4533509685140280e+00
      imgpoint:
         - [ 1.7282240295410156e+02, 1.9232366943359375e+02 ]
         - [ 1.9828335571289062e+02, 1.9244978332519531e+02 ]
         - [ 2.2292926025390625e+02, 1.9274174499511719e+02 ]
         - [ 2.4655221557617188e+02, 1.9294026184082031e+02 ]
         - [ 2.6917926025390625e+02, 1.9287063598632812e+02 ]
         - [ 2.9134063720703125e+02, 1.9303114318847656e+02 ]
         - [ 3.1291174316406250e+02, 1.9301585388183594e+02 ]
         - [ 3.3390594482421875e+02, 1.9309706115722656e+02 ]
         - [ 1.6969729614257812e+02, 1.6610975646972656e+02 ]
         - [ 1.9507318115234375e+02, 1.6669125366210938e+02 ]
         - [ 2.1971034240722656e+02, 1.6726278686523438e+02 ]
         - [ 2.4315226745605469e+02, 1.6779101562500000e+02 ]
         - [ 2.6593420410156250e+02, 1.6831062316894531e+02 ]
         - [ 2.8805377197265625e+02, 1.6895010375976562e+02 ]
         - [ 3.0957522583007812e+02, 1.6932261657714844e+02 ]
         - [ 3.3045379638671875e+02, 1.6977999877929688e+02 ]
         - [ 1.6661471557617188e+02, 1.4005462646484375e+02 ]
         - [ 1.9199394226074219e+02, 1.4106672668457031e+02 ]
         - [ 2.1668516540527344e+02, 1.4219471740722656e+02 ]
         - [ 2.8489630126953125e+02, 1.4504280090332031e+02 ]
         - [ 3.0625442504882812e+02, 1.4582981872558594e+02 ]
         - [ 3.2698312377929688e+02, 1.4567010498046875e+02 ]
