%YAML:1.0
---
Date: "2022.25.5--08:37:32"
Pattern: Chessboard
SizePattern: "5 x 8"
CountPair: 14
RMSE: 4.0855762358881748e+01
AverageReprojectionErr: 2.3926925114222937e+00
cameraMatrixFirst: !!opencv-matrix
   rows: 3
   cols: 3
   dt: d
   data: [ 8.4157467099999997e+02, 0., 3.4121867980000002e+02, 0.,
       8.3945552720000001e+02, 2.4081990470000000e+02, 0., 0., 1. ]
cameraMatrixSecond: !!opencv-matrix
   rows: 3
   cols: 3
   dt: d
   data: [ 8.4512498059999996e+02, 0., 3.1043677760000003e+02, 0.,
       8.4257937310000000e+02, 2.5526796959999999e+02, 0., 0., 1. ]
DistCoeffsFirst: !!opencv-matrix
   rows: 1
   cols: 5
   dt: d
   data: [ 0., 1.8970842000000001e+00, 0., 0., 0. ]
DistCoeffsSecond: !!opencv-matrix
   rows: 1
   cols: 5
   dt: d
   data: [ 2.4797199999999998e-02, 1.3463149000000001e+00, 0., 0., 0. ]
R: !!opencv-matrix
   rows: 3
   cols: 3
   dt: d
   data: [ 9.9855384104123812e-01, 1.5308937390031117e-02,
       -5.1535065516383205e-02, -1.6886690552197114e-02,
       9.9939758039645488e-01, -3.0320223942212478e-02,
       5.1039849372663107e-02, 3.1146632782689133e-02,
       9.9821080992058797e-01 ]
T: !!opencv-matrix
   rows: 3
   cols: 1
   dt: d
   data: [ -2.7045820544176914e-02, -5.0479524506984923e-04,
       2.2278707114880836e-03 ]
E: !!opencv-matrix
   rows: 3
   cols: 3
   dt: d
   data: [ 1.1856690022800823e-05, -2.2422512706259572e-03,
       -4.3634253153862094e-04, 3.6050634630345685e-03,
       8.7649257403124309e-04, 2.6882616967291145e-02,
       9.6077963316362194e-04, -2.7021799732885581e-02,
       7.9402067957330159e-04 ]
F: !!opencv-matrix
   rows: 3
   cols: 3
   dt: d
   data: [ 3.6494531911382599e-08, -6.9190038693955353e-06,
       5.2350516197238425e-04, 1.1129800043464659e-05,
       2.7127992175113052e-06, 6.5394543168360353e-02,
       -3.5316439809358001e-04, -6.9012992697332132e-02, 1. ]
R1: !!opencv-matrix
   rows: 3
   cols: 3
   dt: d
   data: [ 9.9050753099632416e-01, 3.1285075512084093e-02,
       -1.3385094355203131e-01, -3.3356112457326725e-02,
       9.9935559298033538e-01, -1.3257772839227241e-02,
       1.3334991864002035e-01, 1.7596670967133955e-02,
       9.9091278948733641e-01 ]
R2: !!opencv-matrix
   rows: 3
   cols: 3
   dt: d
   data: [ 9.9645205806429327e-01, 1.8598225187115652e-02,
       -8.2081678828614196e-02, -1.7325561821282986e-02,
       9.9971881457076306e-01, 1.6190018554817002e-02,
       8.2359704267386327e-02, -1.4710466108106640e-02,
       9.9649409496487784e-01 ]
P1: !!opencv-matrix
   rows: 3
   cols: 4
   dt: d
   data: [ 8.4101745015000006e+02, 0., 4.6552089691162109e+02, 0., 0.,
       8.4101745015000006e+02, 2.4542505836486816e+02, 0., 0., 0., 1.,
       0. ]
P2: !!opencv-matrix
   rows: 3
   cols: 4
   dt: d
   data: [ 8.4101745015000006e+02, 0., 3.9029834365844727e+02,
       -2.2826995887252746e+01, 0., 8.4101745015000006e+02,
       2.4542505836486816e+02, 0., 0., 0., 1., 0. ]
Q: !!opencv-matrix
   rows: 4
   cols: 4
   dt: d
   data: [ 1., 0., 0., -4.6552089691162109e+02, 0., 1., 0.,
       -2.4542505836486816e+02, 0., 0., 0., 8.4101745015000006e+02, 0.,
       0., 3.6843106920593463e+01, -2.7714325723467186e+03 ]
ImgSize: [ 640, 480 ]
