%YAML:1.0
---
FirstCameraName: USB Video Device
FirstCameraIndex: 1
SecondCameraName: USB Video Device
SecondCameraIndex: 2
Exposure: 10.
Gain: 0.
Pattern: Chessboard
Row: 5
Col: 8
CheckerSize: 2.0000000000000000e-02
MarkerSize: 0.
DictionaryName: NULL
isWebCamera: 1
isBaslerCamera: 0
SettingCalibration:
   isUseParametr: 0
   isFixedFocal: 0
   isFixedAspectRatio: 0
   isFixedPrincipalPoint: 0
   isfixedK1: 0
   isfixedK2: 0
   isfixedK3: 0
   isfixedK4: 0
   iszeroTangent: 0
   isCaibration: 0
   isStereoCaibration: 1
   numCamera: 1
   cameraModel: 0
   fx: 8.1908707649999997e+02
   fy: 8.1874587919999999e+02
   cx: 3.0202957750000002e+02
   cy: 2.3641986919999999e+02
   k1: 8.5667499999999994e-02
   k2: 0.
   k3: 7.1379040000000005e-01
   k4: 0.
   isSameFocalLengStereo: 0
   isfixAspectRatioStereo: 0
   isfixFocalLengthStereo: 0
   isfixPrincipalPointStereo: 0
   isUseSingleCalibratedInStereo: 1
   iszeroTangentS: 0
   isfixedK1S: 0
   isfixedK2S: 0
   isfixedK3S: 0
   fx1: 8.1908707649999997e+02
   fy1: 8.1874587919999999e+02
   fx2: 8.4364646719999996e+02
   fy2: 8.4298423630000002e+02
   cx1: 3.0202957750000002e+02
   cy1: 2.3641986919999999e+02
   cx1: 3.0202957750000002e+02
   cx2: 3.0960670779999998e+02
   cy2: 2.2855490820000000e+02
   k1S1: 8.5667499999999994e-02
   k2S1: 0.
   k3S1: 7.1379040000000005e-01
   k1S2: 3.6177000000000001e-02
   k2S2: 1.0864229000000001e+00
   k3S2: 0.
ImageInfoCamera1:
   -
      isActive: 1
      isCalib: 1
      cameraPath: "D:/PRoG/Git-repos/Camera-calibration-With-OpenCV/DebugTest/StereoTEssss/Camera1/Accumulated/1.png"
      drawPath: NONE
      undistortedPath: "D:/PRoG/Git-repos/Camera-calibration-With-OpenCV/DebugTest/StereoTEssss/Camera1/Undistorted/1.png"
      state: Succes
      err: 7.5192118196016733e-01
      imgpoint:
         - [ 3.1283264160156250e+02, 2.4849737548828125e+02 ]
         - [ 3.1328042602539062e+02, 2.6853762817382812e+02 ]
         - [ 3.1351794433593750e+02, 2.8876995849609375e+02 ]
         - [ 3.1384069824218750e+02, 3.0957205200195312e+02 ]
         - [ 3.1428112792968750e+02, 3.3053601074218750e+02 ]
         - [ 2.9229983520507812e+02, 2.4670045471191406e+02 ]
         - [ 2.9232791137695312e+02, 2.6680996704101562e+02 ]
         - [ 2.9245559692382812e+02, 2.8730477905273438e+02 ]
         - [ 2.9255841064453125e+02, 3.0818835449218750e+02 ]
         - [ 2.9273803710937500e+02, 3.2930630493164062e+02 ]
         - [ 2.7133184814453125e+02, 2.4476397705078125e+02 ]
         - [ 2.7128659057617188e+02, 2.6514132690429688e+02 ]
         - [ 2.7116598510742188e+02, 2.8562780761718750e+02 ]
         - [ 2.7112814331054688e+02, 3.0668615722656250e+02 ]
         - [ 2.7103991699218750e+02, 3.2795385742187500e+02 ]
         - [ 2.5028315734863281e+02, 2.4279119873046875e+02 ]
         - [ 2.4982142639160156e+02, 2.6329098510742188e+02 ]
         - [ 2.4958096313476562e+02, 2.8406192016601562e+02 ]
         - [ 2.4935693359375000e+02, 3.0522756958007812e+02 ]
         - [ 2.4910664367675781e+02, 3.2662145996093750e+02 ]
         - [ 2.2879360961914062e+02, 2.4080021667480469e+02 ]
         - [ 2.2836302185058594e+02, 2.6143258666992188e+02 ]
         - [ 2.2770188903808594e+02, 2.8232473754882812e+02 ]
         - [ 2.2738314819335938e+02, 3.0358541870117188e+02 ]
         - [ 2.2669233703613281e+02, 3.2529879760742188e+02 ]
         - [ 2.0717689514160156e+02, 2.3870578002929688e+02 ]
         - [ 2.0634899902343750e+02, 2.5941448974609375e+02 ]
         - [ 2.0557977294921875e+02, 2.8051281738281250e+02 ]
         - [ 2.0473483276367188e+02, 3.0193740844726562e+02 ]
         - [ 2.0415798950195312e+02, 3.2384393310546875e+02 ]
         - [ 1.8474597167968750e+02, 2.3664308166503906e+02 ]
         - [ 1.8387467956542969e+02, 2.5751245117187500e+02 ]
         - [ 1.8288764953613281e+02, 2.7863385009765625e+02 ]
         - [ 1.8200556945800781e+02, 3.0036389160156250e+02 ]
         - [ 1.8098754882812500e+02, 3.2238714599609375e+02 ]
         - [ 1.6224682617187500e+02, 2.3462550354003906e+02 ]
         - [ 1.6096716308593750e+02, 2.5556263732910156e+02 ]
         - [ 1.5976617431640625e+02, 2.7692062377929688e+02 ]
         - [ 1.5856832885742188e+02, 2.9864022827148438e+02 ]
         - [ 1.5738439941406250e+02, 3.2084655761718750e+02 ]
      reprojectPoint:
         - [ 3.1281076049804688e+02, 2.4854299926757812e+02 ]
         - [ 3.1311892700195312e+02, 2.6852032470703125e+02 ]
         - [ 3.1342410278320312e+02, 2.8885708618164062e+02 ]
         - [ 3.1372598266601562e+02, 3.0956958007812500e+02 ]
         - [ 3.1402426147460938e+02, 3.3067492675781250e+02 ]
         - [ 2.9228756713867188e+02, 2.4668406677246094e+02 ]
         - [ 2.9241003417968750e+02, 2.6679006958007812e+02 ]
         - [ 2.9252377319335938e+02, 2.8725994873046875e+02 ]
         - [ 2.9262823486328125e+02, 3.0811022949218750e+02 ]
         - [ 2.9272290039062500e+02, 3.2935839843750000e+02 ]
         - [ 2.7145413208007812e+02, 2.4478378295898438e+02 ]
         - [ 2.7138555908203125e+02, 2.6502209472656250e+02 ]
         - [ 2.7130236816406250e+02, 2.8562890625000000e+02 ]
         - [ 2.7120367431640625e+02, 3.0662100219726562e+02 ]
         - [ 2.7108865356445312e+02, 3.2801623535156250e+02 ]
         - [ 2.5029641723632812e+02, 2.4284033203125000e+02 ]
         - [ 2.5003115844726562e+02, 2.6321475219726562e+02 ]
         - [ 2.4974510192871094e+02, 2.8396243286132812e+02 ]
         - [ 2.4943711853027344e+02, 3.0510052490234375e+02 ]
         - [ 2.4910604858398438e+02, 3.2664715576171875e+02 ]
         - [ 2.2879972839355469e+02, 2.4085177612304688e+02 ]
         - [ 2.2833171081542969e+02, 2.6136618041992188e+02 ]
         - [ 2.2783653259277344e+02, 2.8225885009765625e+02 ]
         - [ 2.2731272888183594e+02, 3.0354721069335938e+02 ]
         - [ 2.2675878906250000e+02, 3.2524978637695312e+02 ]
         - [ 2.0694883728027344e+02, 2.3881614685058594e+02 ]
         - [ 2.0627156066894531e+02, 2.5947448730468750e+02 ]
         - [ 2.0556051635742188e+02, 2.8051632690429688e+02 ]
         - [ 2.0481388854980469e+02, 3.0195944213867188e+02 ]
         - [ 2.0402981567382812e+02, 3.2382263183593750e+02 ]
         - [ 1.8472787475585938e+02, 2.3673135375976562e+02 ]
         - [ 1.8383436584472656e+02, 2.5753768920898438e+02 ]
         - [ 1.8290023803710938e+02, 2.7873303222656250e+02 ]
         - [ 1.8192327880859375e+02, 3.0033544921875000e+02 ]
         - [ 1.8090122985839844e+02, 3.2236416625976562e+02 ]
         - [ 1.6212030029296875e+02, 2.3459523010253906e+02 ]
         - [ 1.6100306701660156e+02, 2.5555372619628906e+02 ]
         - [ 1.5983807373046875e+02, 2.7690701293945312e+02 ]
         - [ 1.5862268066406250e+02, 2.9867346191406250e+02 ]
         - [ 1.5735412597656250e+02, 3.2087280273437500e+02 ]
      charucoIds: []
   -
      isActive: 1
      isCalib: 1
      cameraPath: "D:/PRoG/Git-repos/Camera-calibration-With-OpenCV/DebugTest/StereoTEssss/Camera1/Accumulated/2.png"
      drawPath: NONE
      undistortedPath: "D:/PRoG/Git-repos/Camera-calibration-With-OpenCV/DebugTest/StereoTEssss/Camera1/Undistorted/2.png"
      state: Succes
      err: 8.2657432642197215e-01
      imgpoint:
         - [ 3.0912539672851562e+02, 1.0656565856933594e+02 ]
         - [ 3.1068521118164062e+02, 1.2631037139892578e+02 ]
         - [ 3.1242776489257812e+02, 1.4612989807128906e+02 ]
         - [ 3.1419134521484375e+02, 1.6611555480957031e+02 ]
         - [ 3.1587173461914062e+02, 1.8634803771972656e+02 ]
         - [ 2.8816265869140625e+02, 1.0600678253173828e+02 ]
         - [ 2.8963262939453125e+02, 1.2569232177734375e+02 ]
         - [ 2.9130999755859375e+02, 1.4566973876953125e+02 ]
         - [ 2.9281500244140625e+02, 1.6580189514160156e+02 ]
         - [ 2.9448306274414062e+02, 1.8625292968750000e+02 ]
         - [ 2.6700942993164062e+02, 1.0528395080566406e+02 ]
         - [ 2.6846951293945312e+02, 1.2517687225341797e+02 ]
         - [ 2.6980990600585938e+02, 1.4522732543945312e+02 ]
