%YAML:1.0
---
cameraMatrix: !!opencv-matrix
   rows: 3
   cols: 3
   dt: d
   data: [ 1.2664911973932865e+03, 0., 2.3618060270120529e+02, 0.,
       1.5027834907767085e+03, 3.5987235432799622e+02, 0., 0., 1. ]
distCoeffs: !!opencv-matrix
   rows: 1
   cols: 5
   dt: d
   data: [ -3.2933178410338110e-01, 1.7592060843859006e+01,
       5.9177871899745611e-03, 6.1227491116358970e-03,
       -1.7624048720231701e+02 ]
