%YAML:1.0
---
cameraMatrix: !!opencv-matrix
   rows: 3
   cols: 3
   dt: d
   data: [ 1.2697282380212334e+03, 0., 2.5033885814330316e+02, 0.,
       1.4043156343944620e+03, 2.3854528684490762e+02, 0., 0., 1. ]
distCoeffs: !!opencv-matrix
   rows: 1
   cols: 5
   dt: d
   data: [ 1.1483908036493977e+00, -4.4551949469651476e+01,
       -7.6688720193197361e-03, 2.5276323281994092e-03,
       5.8527666091699416e+02 ]
