%YAML:1.0
---
cameraMatrix: !!opencv-matrix
   rows: 3
   cols: 3
   dt: d
   data: [ 1.9968947121581832e+03, 0., 2.4088719392141928e+02, 0.,
       4.2855845921522850e+03, 2.8937140907004664e+02, 0., 0., 1. ]
distCoeffs: !!opencv-matrix
   rows: 1
   cols: 5
   dt: d
   data: [ -1.2445014473677049e-01, 1.8016670669353022e+01,
       -1.2334143968612727e-03, -2.1508185501972029e-02,
       -1.8019371391799612e+02 ]
