%YAML:1.0
---
cameraMatrix: !!opencv-matrix
   rows: 3
   cols: 3
   dt: d
   data: [ 9.2000524738570289e+02, 0., 1.6643338223540724e+02, 0.,
       1.0145619466912939e+03, 3.8375829978626507e+02, 0., 0., 1. ]
distCoeffs: !!opencv-matrix
   rows: 1
   cols: 5
   dt: d
   data: [ 1.6270834612925109e-01, -2.4085388490500909e-01,
       1.0513378937122770e-02, -1.9578047326965036e-02,
       3.6374443983038840e-01 ]
