%YAML:1.0
---
Date: "2022.26.5--12:40:58"
CountImg: 7
RMSE: 1.3200613140795536e-01
MeanErr: 7.5946767883410959e-01
CameraMatrix: !!opencv-matrix
   rows: 3
   cols: 3
   dt: d
   data: [ 8.1965985980615005e+02, 0., 3.3276558039638644e+02, 0.,
       8.1546705025250526e+02, 2.4697900894562821e+02, 0., 0., 1. ]
DistCoeffs: !!opencv-matrix
   rows: 1
   cols: 5
   dt: d
   data: [ 8.1411174050213322e-03, 9.2054994590800121e-01,
       -3.6559411825240616e-03, 3.8058162073551917e-03,
       -4.0344638576240133e+00 ]
R:
   - !!opencv-matrix
      rows: 3
      cols: 1
      dt: d
      data: [ 2.9286526942903954e+00, 4.0316688533225155e-02,
          1.0137496996519030e-01 ]
   - !!opencv-matrix
      rows: 3
      cols: 1
      dt: d
      data: [ 2.8647300699963472e+00, -1.4342120175876692e-02,
          -9.9874269718356709e-02 ]
   - !!opencv-matrix
      rows: 3
      cols: 1
      dt: d
      data: [ 2.8557925797166286e+00, -1.2168405983176322e-01,
          -1.6396832550561602e-01 ]
   - !!opencv-matrix
      rows: 3
      cols: 1
      dt: d
      data: [ 2.8511396172302943e+00, 6.8784609230698596e-02,
          3.8445675234080118e-01 ]
   - !!opencv-matrix
      rows: 3
      cols: 1
      dt: d
      data: [ 2.7234036095038539e+00, -2.8101656936077364e-02,
          4.9111339137563487e-01 ]
   - !!opencv-matrix
      rows: 3
      cols: 1
      dt: d
      data: [ 2.6951585290091882e+00, -1.5443885322959696e-02,
          -1.1178528449937901e+00 ]
   - !!opencv-matrix
      rows: 3
      cols: 1
      dt: d
      data: [ 2.6648940281115965e+00, -1.4420795815515505e-01,
          -1.1406862917283234e+00 ]
T:
   - !!opencv-matrix
      rows: 3
      cols: 1
      dt: d
      data: [ -6.7305060862289698e-02, 6.8350518817177783e-02,
          5.8506609794969844e-01 ]
   - !!opencv-matrix
      rows: 3
      cols: 1
      dt: d
      data: [ -1.3330321823270261e-01, 8.6792748452665547e-02,
          5.7320180079084226e-01 ]
   - !!opencv-matrix
      rows: 3
      cols: 1
      dt: d
      data: [ -1.4150429248793664e-01, -3.8152446087975349e-02,
          6.3572776683357668e-01 ]
   - !!opencv-matrix
      rows: 3
      cols: 1
      dt: d
      data: [ 3.1367325510566041e-03, -7.3464791675231650e-02,
          6.8263575840130786e-01 ]
   - !!opencv-matrix
      rows: 3
      cols: 1
      dt: d
      data: [ 4.2826754346053764e-02, 6.6545759517047734e-02,
          6.2023261717124945e-01 ]
   - !!opencv-matrix
      rows: 3
      cols: 1
      dt: d
      data: [ 3.3101072803547980e-02, 1.5626535453126522e-01,
          7.0944243522254247e-01 ]
   - !!opencv-matrix
      rows: 3
      cols: 1
      dt: d
      data: [ 2.7384020368890365e-02, 7.1589804487048950e-02,
          7.0993180664114486e-01 ]
Size: [ 480, 640 ]
objectPoints:
   - [ 2.09999997e-02, 2.09999997e-02, 0., 4.19999994e-02,
       2.09999997e-02, 0., 6.30000010e-02, 2.09999997e-02, 0.,
       8.39999989e-02, 2.09999997e-02, 0., 1.04999997e-01,
       2.09999997e-02, 0., 1.26000002e-01, 2.09999997e-02, 0.,
       1.47000000e-01, 2.09999997e-02, 0., 1.67999998e-01,
       2.09999997e-02, 0., 2.09999997e-02, 4.19999994e-02, 0.,
       4.19999994e-02, 4.19999994e-02, 0., 6.30000010e-02,
       4.19999994e-02, 0., 8.39999989e-02, 4.19999994e-02, 0.,
       1.04999997e-01, 4.19999994e-02, 0., 1.26000002e-01,
       4.19999994e-02, 0., 1.47000000e-01, 4.19999994e-02, 0.,
       1.67999998e-01, 4.19999994e-02, 0., 2.09999997e-02,
       6.30000010e-02, 0., 4.19999994e-02, 6.30000010e-02, 0.,
       6.30000010e-02, 6.30000010e-02, 0., 8.39999989e-02,
       6.30000010e-02, 0., 1.04999997e-01, 6.30000010e-02, 0.,
       1.26000002e-01, 6.30000010e-02, 0., 1.47000000e-01,
       6.30000010e-02, 0., 1.67999998e-01, 6.30000010e-02, 0.,
       2.09999997e-02, 8.39999989e-02, 0., 4.19999994e-02,
       8.39999989e-02, 0., 6.30000010e-02, 8.39999989e-02, 0.,
       8.39999989e-02, 8.39999989e-02, 0., 1.04999997e-01,
       8.39999989e-02, 0., 1.26000002e-01, 8.39999989e-02, 0.,
       1.47000000e-01, 8.39999989e-02, 0., 1.67999998e-01,
       8.39999989e-02, 0., 2.09999997e-02, 1.04999997e-01, 0.,
       4.19999994e-02, 1.04999997e-01, 0., 6.30000010e-02,
       1.04999997e-01, 0., 8.39999989e-02, 1.04999997e-01, 0.,
       1.04999997e-01, 1.04999997e-01, 0., 1.26000002e-01,
       1.04999997e-01, 0., 1.47000000e-01, 1.04999997e-01, 0.,
       1.67999998e-01, 1.04999997e-01, 0. ]
   - [ 2.09999997e-02, 2.09999997e-02, 0., 4.19999994e-02,
       2.09999997e-02, 0., 6.30000010e-02, 2.09999997e-02, 0.,
       8.39999989e-02, 2.09999997e-02, 0., 1.04999997e-01,
       2.09999997e-02, 0., 1.26000002e-01, 2.09999997e-02, 0.,
       1.47000000e-01, 2.09999997e-02, 0., 1.67999998e-01,
       2.09999997e-02, 0., 2.09999997e-02, 4.19999994e-02, 0.,
       4.19999994e-02, 4.19999994e-02, 0., 6.30000010e-02,
       4.19999994e-02, 0., 8.39999989e-02, 4.19999994e-02, 0.,
       1.04999997e-01, 4.19999994e-02, 0., 1.26000002e-01,
       4.19999994e-02, 0., 1.47000000e-01, 4.19999994e-02, 0.,
       1.67999998e-01, 4.19999994e-02, 0., 2.09999997e-02,
       6.30000010e-02, 0., 4.19999994e-02, 6.30000010e-02, 0.,
       6.30000010e-02, 6.30000010e-02, 0., 8.39999989e-02,
       6.30000010e-02, 0., 1.04999997e-01, 6.30000010e-02, 0.,
       1.26000002e-01, 6.30000010e-02, 0., 1.47000000e-01,
       6.30000010e-02, 0., 1.67999998e-01, 6.30000010e-02, 0.,
       2.09999997e-02, 8.39999989e-02, 0., 4.19999994e-02,
       8.39999989e-02, 0., 6.30000010e-02, 8.39999989e-02, 0.,
       8.39999989e-02, 8.39999989e-02, 0., 1.04999997e-01,
       8.39999989e-02, 0., 1.26000002e-01, 8.39999989e-02, 0.,
       1.47000000e-01, 8.39999989e-02, 0., 1.67999998e-01,
       8.39999989e-02, 0., 2.09999997e-02, 1.04999997e-01, 0.,
       4.19999994e-02, 1.04999997e-01, 0., 6.30000010e-02,
       1.04999997e-01, 0., 8.39999989e-02, 1.04999997e-01, 0.,
       1.04999997e-01, 1.04999997e-01, 0., 1.26000002e-01,
       1.04999997e-01, 0., 1.47000000e-01, 1.04999997e-01, 0.,
       1.67999998e-01, 1.04999997e-01, 0. ]
   - [ 2.09999997e-02, 2.09999997e-02, 0., 4.19999994e-02,
       2.09999997e-02, 0., 6.30000010e-02, 2.09999997e-02, 0.,
       8.39999989e-02, 2.09999997e-02, 0., 1.04999997e-01,
       2.09999997e-02, 0., 1.26000002e-01, 2.09999997e-02, 0.,
       1.47000000e-01, 2.09999997e-02, 0., 1.67999998e-01,
       2.09999997e-02, 0., 2.09999997e-02, 4.19999994e-02, 0.,
       4.19999994e-02, 4.19999994e-02, 0., 6.30000010e-02,
       4.19999994e-02, 0., 8.39999989e-02, 4.19999994e-02, 0.,
       1.04999997e-01, 4.19999994e-02, 0., 1.26000002e-01,
       4.19999994e-02, 0., 1.47000000e-01, 4.19999994e-02, 0.,
       1.67999998e-01, 4.19999994e-02, 0., 2.09999997e-02,
       6.30000010e-02, 0., 4.19999994e-02, 6.30000010e-02, 0.,
       6.30000010e-02, 6.30000010e-02, 0., 8.39999989e-02,
       6.30000010e-02, 0., 1.04999997e-01, 6.30000010e-02, 0.,
       1.26000002e-01, 6.30000010e-02, 0., 1.47000000e-01,
       6.30000010e-02, 0., 1.67999998e-01, 6.30000010e-02, 0.,
       2.09999997e-02, 8.39999989e-02, 0., 4.19999994e-02,
       8.39999989e-02, 0., 6.30000010e-02, 8.39999989e-02, 0.,
       8.39999989e-02, 8.39999989e-02, 0., 1.04999997e-01,
       8.39999989e-02, 0., 1.26000002e-01, 8.39999989e-02, 0.,
       1.47000000e-01, 8.39999989e-02, 0., 1.67999998e-01,
       8.39999989e-02, 0., 2.09999997e-02, 1.04999997e-01, 0.,
       4.19999994e-02, 1.04999997e-01, 0., 6.30000010e-02,
       1.04999997e-01, 0., 8.39999989e-02, 1.04999997e-01, 0.,
       1.04999997e-01, 1.04999997e-01, 0., 1.26000002e-01,
       1.04999997e-01, 0., 1.47000000e-01, 1.04999997e-01, 0.,
       1.67999998e-01, 1.04999997e-01, 0. ]
   - [ 2.09999997e-02, 2.09999997e-02, 0., 4.19999994e-02,
       2.09999997e-02, 0., 6.30000010e-02, 2.09999997e-02, 0.,
       1.47000000e-01, 2.09999997e-02, 0., 2.09999997e-02,
       4.19999994e-02, 0., 4.19999994e-02, 4.19999994e-02, 0.,
       6.30000010e-02, 4.19999994e-02, 0., 1.47000000e-01,
