%YAML:1.0
---
Date: "2022.24.5--14:42:07"
CountImg: 10
RMSE: 1.3483552670158133e-01
MeanErr: 8.4160311546353073e-01
CameraMatrix: !!opencv-matrix
   rows: 3
   cols: 3
   dt: d
   data: [ 8.3396676468173632e+02, 0., 2.9014953246240151e+02, 0.,
       8.3733483111635690e+02, 2.4078980556743446e+02, 0., 0., 1. ]
DistCoeffs: !!opencv-matrix
   rows: 1
   cols: 5
   dt: d
   data: [ -6.0048183889136577e-03, 1.6504386599696070e+00,
       -7.0291648110875965e-03, -1.0919659086593113e-02,
       -6.8596351569381735e+00 ]
R:
   - !!opencv-matrix
      rows: 3
      cols: 1
      dt: d
      data: [ 5.9434116269319152e-02, 4.7820181650466526e-01,
          1.4826150573569099e+00 ]
   - !!opencv-matrix
      rows: 3
      cols: 1
      dt: d
      data: [ -3.2275850327707849e-02, 4.0665753318394099e-01,
          1.4954494380847849e+00 ]
   - !!opencv-matrix
      rows: 3
      cols: 1
      dt: d
      data: [ 2.0595663302677512e-02, 3.7844595064588143e-01,
          1.4284910759705094e+00 ]
   - !!opencv-matrix
      rows: 3
      cols: 1
      dt: d
      data: [ -4.1641679010929866e-01, -1.2132064634375138e-01,
          -1.9798104127847985e-01 ]
   - !!opencv-matrix
      rows: 3
      cols: 1
      dt: d
      data: [ -3.7576577012740076e-01, -5.0577685347855039e-03,
          -1.6331868524338292e-01 ]
   - !!opencv-matrix
      rows: 3
      cols: 1
      dt: d
      data: [ -2.2366919372433544e-01, 4.6509380851756633e-02,
          -1.6776053239177156e-02 ]
   - !!opencv-matrix
      rows: 3
      cols: 1
      dt: d
      data: [ -3.9430252374016747e-02, 6.2494491292733012e-01,
          7.7801975253329145e-02 ]
   - !!opencv-matrix
      rows: 3
      cols: 1
      dt: d
      data: [ -8.6978410420363805e-01, 3.6092625414141899e-01,
          2.9465439267328358e-01 ]
   - !!opencv-matrix
      rows: 3
      cols: 1
      dt: d
      data: [ -5.7482600731572998e-02, 3.1745086517787197e-01,
          1.0401326329202956e+00 ]
   - !!opencv-matrix
      rows: 3
      cols: 1
      dt: d
      data: [ -5.0104560866693704e-01, -3.6311439138739871e-01,
          -2.6468326609078248e+00 ]
T:
   - !!opencv-matrix
      rows: 3
      cols: 1
      dt: d
      data: [ 8.1278840074774883e-01, -3.5057066019699654e+00,
          2.1051275689953137e+01 ]
   - !!opencv-matrix
      rows: 3
      cols: 1
      dt: d
      data: [ -3.8956737827577237e-01, 7.3247430093501908e-01,
          2.6462461736962034e+01 ]
   - !!opencv-matrix
      rows: 3
      cols: 1
      dt: d
      data: [ -4.4623248856576514e-01, -5.2426541462805050e+00,
          2.7138188137033403e+01 ]
   - !!opencv-matrix
      rows: 3
      cols: 1
      dt: d
      data: [ -1.0233407301421227e+01, -3.5563182124609867e+00,
          3.4430881094104656e+01 ]
   - !!opencv-matrix
      rows: 3
      cols: 1
      dt: d
      data: [ -5.4785480990118591e+00, -5.6268192249094655e+00,
          3.0876112528765223e+01 ]
   - !!opencv-matrix
      rows: 3
      cols: 1
      dt: d
      data: [ -1.0893571222930982e+00, -3.8225547825657067e+00,
          2.6830915806030898e+01 ]
   - !!opencv-matrix
      rows: 3
      cols: 1
      dt: d
      data: [ 1.8154387404543910e-02, -2.9518410613979804e+00,
          2.6697673732440908e+01 ]
   - !!opencv-matrix
      rows: 3
      cols: 1
      dt: d
      data: [ 4.2284847977132373e-01, 1.1749722784739146e-01,
          3.5029213476846579e+01 ]
   - !!opencv-matrix
      rows: 3
      cols: 1
      dt: d
      data: [ -1.7620562133261077e+00, -6.9366584401204179e+00,
          3.4291687049620748e+01 ]
   - !!opencv-matrix
      rows: 3
      cols: 1
      dt: d
      data: [ 2.3302108639624715e+00, 2.7539577272405178e+00,
          2.3945465179142829e+01 ]
Size: [ 480, 640 ]
objectPoints:
   - [ 0., 0., 0., 1., 0., 0., 2., 0., 0., 3., 0., 0., 4., 0., 0., 0.,
       1., 0., 1., 1., 0., 2., 1., 0., 3., 1., 0., 4., 1., 0., 0., 2.,
       0., 1., 2., 0., 2., 2., 0., 3., 2., 0., 4., 2., 0., 0., 3., 0.,
       1., 3., 0., 2., 3., 0., 3., 3., 0., 4., 3., 0., 0., 4., 0., 1.,
       4., 0., 2., 4., 0., 3., 4., 0., 4., 4., 0., 0., 5., 0., 1., 5.,
       0., 2., 5., 0., 3., 5., 0., 4., 5., 0., 0., 6., 0., 1., 6., 0.,
       2., 6., 0., 3., 6., 0., 4., 6., 0., 0., 7., 0., 1., 7., 0., 2.,
       7., 0., 3., 7., 0., 4., 7., 0. ]
   - [ 0., 0., 0., 1., 0., 0., 2., 0., 0., 3., 0., 0., 4., 0., 0., 0.,
       1., 0., 1., 1., 0., 2., 1., 0., 3., 1., 0., 4., 1., 0., 0., 2.,
       0., 1., 2., 0., 2., 2., 0., 3., 2., 0., 4., 2., 0., 0., 3., 0.,
       1., 3., 0., 2., 3., 0., 3., 3., 0., 4., 3., 0., 0., 4., 0., 1.,
       4., 0., 2., 4., 0., 3., 4., 0., 4., 4., 0., 0., 5., 0., 1., 5.,
       0., 2., 5., 0., 3., 5., 0., 4., 5., 0., 0., 6., 0., 1., 6., 0.,
       2., 6., 0., 3., 6., 0., 4., 6., 0., 0., 7., 0., 1., 7., 0., 2.,
       7., 0., 3., 7., 0., 4., 7., 0. ]
   - [ 0., 0., 0., 1., 0., 0., 2., 0., 0., 3., 0., 0., 4., 0., 0., 0.,
       1., 0., 1., 1., 0., 2., 1., 0., 3., 1., 0., 4., 1., 0., 0., 2.,
       0., 1., 2., 0., 2., 2., 0., 3., 2., 0., 4., 2., 0., 0., 3., 0.,
       1., 3., 0., 2., 3., 0., 3., 3., 0., 4., 3., 0., 0., 4., 0., 1.,
       4., 0., 2., 4., 0., 3., 4., 0., 4., 4., 0., 0., 5., 0., 1., 5.,
       0., 2., 5., 0., 3., 5., 0., 4., 5., 0., 0., 6., 0., 1., 6., 0.,
       2., 6., 0., 3., 6., 0., 4., 6., 0., 0., 7., 0., 1., 7., 0., 2.,
       7., 0., 3., 7., 0., 4., 7., 0. ]
   - [ 0., 0., 0., 1., 0., 0., 2., 0., 0., 3., 0., 0., 4., 0., 0., 0.,
       1., 0., 1., 1., 0., 2., 1., 0., 3., 1., 0., 4., 1., 0., 0., 2.,
       0., 1., 2., 0., 2., 2., 0., 3., 2., 0., 4., 2., 0., 0., 3., 0.,
       1., 3., 0., 2., 3., 0., 3., 3., 0., 4., 3., 0., 0., 4., 0., 1.,
       4., 0., 2., 4., 0., 3., 4., 0., 4., 4., 0., 0., 5., 0., 1., 5.,
       0., 2., 5., 0., 3., 5., 0., 4., 5., 0., 0., 6., 0., 1., 6., 0.,
       2., 6., 0., 3., 6., 0., 4., 6., 0., 0., 7., 0., 1., 7., 0., 2.,
       7., 0., 3., 7., 0., 4., 7., 0. ]
   - [ 0., 0., 0., 1., 0., 0., 2., 0., 0., 3., 0., 0., 4., 0., 0., 0.,
       1., 0., 1., 1., 0., 2., 1., 0., 3., 1., 0., 4., 1., 0., 0., 2.,
       0., 1., 2., 0., 2., 2., 0., 3., 2., 0., 4., 2., 0., 0., 3., 0.,
       1., 3., 0., 2., 3., 0., 3., 3., 0., 4., 3., 0., 0., 4., 0., 1.,
       4., 0., 2., 4., 0., 3., 4., 0., 4., 4., 0., 0., 5., 0., 1., 5.,
       0., 2., 5., 0., 3., 5., 0., 4., 5., 0., 0., 6., 0., 1., 6., 0.,
       2., 6., 0., 3., 6., 0., 4., 6., 0., 0., 7., 0., 1., 7., 0., 2.,
       7., 0., 3., 7., 0., 4., 7., 0. ]
   - [ 0., 0., 0., 1., 0., 0., 2., 0., 0., 3., 0., 0., 4., 0., 0., 0.,
       1., 0., 1., 1., 0., 2., 1., 0., 3., 1., 0., 4., 1., 0., 0., 2.,
       0., 1., 2., 0., 2., 2., 0., 3., 2., 0., 4., 2., 0., 0., 3., 0.,
       1., 3., 0., 2., 3., 0., 3., 3., 0., 4., 3., 0., 0., 4., 0., 1.,
       4., 0., 2., 4., 0., 3., 4., 0., 4., 4., 0., 0., 5., 0., 1., 5.,
       0., 2., 5., 0., 3., 5., 0., 4., 5., 0., 0., 6., 0., 1., 6., 0.,
       2., 6., 0., 3., 6., 0., 4., 6., 0., 0., 7., 0., 1., 7., 0., 2.,
       7., 0., 3., 7., 0., 4., 7., 0. ]
   - [ 0., 0., 0., 1., 0., 0., 2., 0., 0., 3., 0., 0., 4., 0., 0., 0.,
       1., 0., 1., 1., 0., 2., 1., 0., 3., 1., 0., 4., 1., 0., 0., 2.,
       0., 1., 2., 0., 2., 2., 0., 3., 2., 0., 4., 2., 0., 0., 3., 0.,
       1., 3., 0., 2., 3., 0., 3., 3., 0., 4., 3., 0., 0., 4., 0., 1.,
       4., 0., 2., 4., 0., 3., 4., 0., 4., 4., 0., 0., 5., 0., 1., 5.,
       0., 2., 5., 0., 3., 5., 0., 4., 5., 0., 0., 6., 0., 1., 6., 0.,
       2., 6., 0., 3., 6., 0., 4., 6., 0., 0., 7., 0., 1., 7., 0., 2.,
       7., 0., 3., 7., 0., 4., 7., 0. ]
   - [ 0., 0., 0., 1., 0., 0., 2., 0., 0., 3., 0., 0., 4., 0., 0., 0.,
       1., 0., 1., 1., 0., 2., 1., 0., 3., 1., 0., 4., 1., 0., 0., 2.,
       0., 1., 2., 0., 2., 2., 0., 3., 2., 0., 4., 2., 0., 0., 3., 0.,
       1., 3., 0., 2., 3., 0., 3., 3., 0., 4., 3., 0., 0., 4., 0., 1.,
       4., 0., 2., 4., 0., 3., 4., 0., 4., 4., 0., 0., 5., 0., 1., 5.,
       0., 2., 5., 0., 3., 5., 0., 4., 5., 0., 0., 6., 0., 1., 6., 0.,
