%YAML:1.0
---
Date: "2022.26.5--12:24:42"
CountImg: 6
RMSE: 1.1787435024602927e-01
MeanErr: 8.5528177320907950e-01
CameraMatrix: !!opencv-matrix
   rows: 3
   cols: 3
   dt: d
   data: [ 8.2298119486801977e+02, 0., 3.1679157069424599e+02, 0.,
       8.2208793612206875e+02, 2.5074831260613414e+02, 0., 0., 1. ]
DistCoeffs: !!opencv-matrix
   rows: 1
   cols: 5
   dt: d
   data: [ 9.8595390519294723e-02, -1.1018488429035322e+00,
       -1.2070244816826260e-03, -6.4445788922654901e-03,
       1.7275722159413064e+01 ]
R:
   - !!opencv-matrix
      rows: 3
      cols: 1
      dt: d
      data: [ 9.6958025811995779e-02, 6.2797548252154423e-01,
          -3.7049674887336898e-01 ]
   - !!opencv-matrix
      rows: 3
      cols: 1
      dt: d
      data: [ -9.9367750408847419e-02, -1.7016265574808420e-01,
          -1.6292849239327420e-01 ]
   - !!opencv-matrix
      rows: 3
      cols: 1
      dt: d
      data: [ -1.6578970775004553e-01, -2.5438063453342125e-01,
          4.4466830611197897e-02 ]
   - !!opencv-matrix
      rows: 3
      cols: 1
      dt: d
      data: [ -1.4461566187949246e-01, -2.4260870956455827e-01,
          -1.0214150839976226e-01 ]
   - !!opencv-matrix
      rows: 3
      cols: 1
      dt: d
      data: [ -2.1482508900436043e-01, 4.9349581683300620e-01,
          -2.4144849498348950e-01 ]
   - !!opencv-matrix
      rows: 3
      cols: 1
      dt: d
      data: [ -1.5738776180071370e-01, -2.3648428255498438e-01,
          2.8511755303610265e-02 ]
T:
   - !!opencv-matrix
      rows: 3
      cols: 1
      dt: d
      data: [ -6.7943846077615939e+00, -3.9984130699685894e+00,
          4.2239876686590378e+01 ]
   - !!opencv-matrix
      rows: 3
      cols: 1
      dt: d
      data: [ -8.0102066897824180e+00, -3.3589745408004312e-01,
          4.6691166320613739e+01 ]
   - !!opencv-matrix
      rows: 3
      cols: 1
      dt: d
      data: [ -2.7351545626779483e+00, -1.4349394243689289e+00,
          4.8341578378469301e+01 ]
   - !!opencv-matrix
      rows: 3
      cols: 1
      dt: d
      data: [ -8.3988774888121576e+00, -9.4102962287693011e+00,
          5.1024745122080830e+01 ]
   - !!opencv-matrix
      rows: 3
      cols: 1
      dt: d
      data: [ -1.1594753457062449e+01, -7.7992751292250713e+00,
          5.2720799068709653e+01 ]
   - !!opencv-matrix
      rows: 3
      cols: 1
      dt: d
      data: [ -1.7881009710308904e+00, -7.1935832155760382e+00,
          5.1773483533055618e+01 ]
Size: [ 480, 640 ]
objectPoints:
   - [ 0., 0., 0., 2., 0., 0., 4., 0., 0., 6., 0., 0., 8., 0., 0., 10.,
       0., 0., 1., 1., 0., 3., 1., 0., 5., 1., 0., 7., 1., 0., 9., 1.,
       0., 11., 1., 0., 0., 2., 0., 2., 2., 0., 4., 2., 0., 6., 2., 0.,
       8., 2., 0., 10., 2., 0., 1., 3., 0., 3., 3., 0., 5., 3., 0., 7.,
       3., 0., 9., 3., 0., 11., 3., 0., 0., 4., 0., 2., 4., 0., 4., 4.,
       0., 6., 4., 0., 8., 4., 0., 10., 4., 0., 1., 5., 0., 3., 5., 0.,
       5., 5., 0., 7., 5., 0., 9., 5., 0., 11., 5., 0., 0., 6., 0., 2.,
       6., 0., 4., 6., 0., 6., 6., 0., 8., 6., 0., 10., 6., 0., 1., 7.,
       0., 3., 7., 0., 5., 7., 0., 7., 7., 0., 9., 7., 0., 11., 7., 0.,
       0., 8., 0., 2., 8., 0., 4., 8., 0., 6., 8., 0., 8., 8., 0., 10.,
       8., 0. ]
   - [ 0., 0., 0., 2., 0., 0., 4., 0., 0., 6., 0., 0., 8., 0., 0., 10.,
       0., 0., 1., 1., 0., 3., 1., 0., 5., 1., 0., 7., 1., 0., 9., 1.,
       0., 11., 1., 0., 0., 2., 0., 2., 2., 0., 4., 2., 0., 6., 2., 0.,
       8., 2., 0., 10., 2., 0., 1., 3., 0., 3., 3., 0., 5., 3., 0., 7.,
       3., 0., 9., 3., 0., 11., 3., 0., 0., 4., 0., 2., 4., 0., 4., 4.,
       0., 6., 4., 0., 8., 4., 0., 10., 4., 0., 1., 5., 0., 3., 5., 0.,
       5., 5., 0., 7., 5., 0., 9., 5., 0., 11., 5., 0., 0., 6., 0., 2.,
       6., 0., 4., 6., 0., 6., 6., 0., 8., 6., 0., 10., 6., 0., 1., 7.,
       0., 3., 7., 0., 5., 7., 0., 7., 7., 0., 9., 7., 0., 11., 7., 0.,
       0., 8., 0., 2., 8., 0., 4., 8., 0., 6., 8., 0., 8., 8., 0., 10.,
       8., 0. ]
   - [ 0., 0., 0., 2., 0., 0., 4., 0., 0., 6., 0., 0., 8., 0., 0., 10.,
       0., 0., 1., 1., 0., 3., 1., 0., 5., 1., 0., 7., 1., 0., 9., 1.,
       0., 11., 1., 0., 0., 2., 0., 2., 2., 0., 4., 2., 0., 6., 2., 0.,
       8., 2., 0., 10., 2., 0., 1., 3., 0., 3., 3., 0., 5., 3., 0., 7.,
       3., 0., 9., 3., 0., 11., 3., 0., 0., 4., 0., 2., 4., 0., 4., 4.,
       0., 6., 4., 0., 8., 4., 0., 10., 4., 0., 1., 5., 0., 3., 5., 0.,
       5., 5., 0., 7., 5., 0., 9., 5., 0., 11., 5., 0., 0., 6., 0., 2.,
       6., 0., 4., 6., 0., 6., 6., 0., 8., 6., 0., 10., 6., 0., 1., 7.,
       0., 3., 7., 0., 5., 7., 0., 7., 7., 0., 9., 7., 0., 11., 7., 0.,
       0., 8., 0., 2., 8., 0., 4., 8., 0., 6., 8., 0., 8., 8., 0., 10.,
       8., 0. ]
   - [ 0., 0., 0., 2., 0., 0., 4., 0., 0., 6., 0., 0., 8., 0., 0., 10.,
       0., 0., 1., 1., 0., 3., 1., 0., 5., 1., 0., 7., 1., 0., 9., 1.,
       0., 11., 1., 0., 0., 2., 0., 2., 2., 0., 4., 2., 0., 6., 2., 0.,
       8., 2., 0., 10., 2., 0., 1., 3., 0., 3., 3., 0., 5., 3., 0., 7.,
       3., 0., 9., 3., 0., 11., 3., 0., 0., 4., 0., 2., 4., 0., 4., 4.,
       0., 6., 4., 0., 8., 4., 0., 10., 4., 0., 1., 5., 0., 3., 5., 0.,
       5., 5., 0., 7., 5., 0., 9., 5., 0., 11., 5., 0., 0., 6., 0., 2.,
       6., 0., 4., 6., 0., 6., 6., 0., 8., 6., 0., 10., 6., 0., 1., 7.,
       0., 3., 7., 0., 5., 7., 0., 7., 7., 0., 9., 7., 0., 11., 7., 0.,
       0., 8., 0., 2., 8., 0., 4., 8., 0., 6., 8., 0., 8., 8., 0., 10.,
       8., 0. ]
   - [ 0., 0., 0., 2., 0., 0., 4., 0., 0., 6., 0., 0., 8., 0., 0., 10.,
       0., 0., 1., 1., 0., 3., 1., 0., 5., 1., 0., 7., 1., 0., 9., 1.,
       0., 11., 1., 0., 0., 2., 0., 2., 2., 0., 4., 2., 0., 6., 2., 0.,
       8., 2., 0., 10., 2., 0., 1., 3., 0., 3., 3., 0., 5., 3., 0., 7.,
       3., 0., 9., 3., 0., 11., 3., 0., 0., 4., 0., 2., 4., 0., 4., 4.,
       0., 6., 4., 0., 8., 4., 0., 10., 4., 0., 1., 5., 0., 3., 5., 0.,
       5., 5., 0., 7., 5., 0., 9., 5., 0., 11., 5., 0., 0., 6., 0., 2.,
       6., 0., 4., 6., 0., 6., 6., 0., 8., 6., 0., 10., 6., 0., 1., 7.,
       0., 3., 7., 0., 5., 7., 0., 7., 7., 0., 9., 7., 0., 11., 7., 0.,
       0., 8., 0., 2., 8., 0., 4., 8., 0., 6., 8., 0., 8., 8., 0., 10.,
       8., 0. ]
   - [ 0., 0., 0., 2., 0., 0., 4., 0., 0., 6., 0., 0., 8., 0., 0., 10.,
       0., 0., 1., 1., 0., 3., 1., 0., 5., 1., 0., 7., 1., 0., 9., 1.,
       0., 11., 1., 0., 0., 2., 0., 2., 2., 0., 4., 2., 0., 6., 2., 0.,
       8., 2., 0., 10., 2., 0., 1., 3., 0., 3., 3., 0., 5., 3., 0., 7.,
       3., 0., 9., 3., 0., 11., 3., 0., 0., 4., 0., 2., 4., 0., 4., 4.,
       0., 6., 4., 0., 8., 4., 0., 10., 4., 0., 1., 5., 0., 3., 5., 0.,
       5., 5., 0., 7., 5., 0., 9., 5., 0., 11., 5., 0., 0., 6., 0., 2.,
       6., 0., 4., 6., 0., 6., 6., 0., 8., 6., 0., 10., 6., 0., 1., 7.,
       0., 3., 7., 0., 5., 7., 0., 7., 7., 0., 9., 7., 0., 11., 7., 0.,
       0., 8., 0., 2., 8., 0., 4., 8., 0., 6., 8., 0., 8., 8., 0., 10.,
       8., 0. ]
