%YAML:1.0
---
FirstCameraName: None
FirstCameraIndex: -1
SecondCameraName: None
SecondCameraIndex: -1
Exposure: 0.
Gain: 0.
Pattern: Chessboard
Row: 5
Col: 8
CheckerSize: 0.
MarkerSize: 0.
DictionaryName: NULL
isWebCamera: 0
isBaslerCamera: 0
SettingCalibration:
   isUseParametr: 0
   isFixedFocal: 0
   isFixedAspectRatio: 0
   isFixedPrincipalPoint: 0
   isfixedK1: 0
   isfixedK2: 0
   isfixedK3: 0
   isfixedK4: 0
   iszeroTangent: 0
   isCaibration: 1
   isStereoCaibration: 0
   isUseSingleCalibratedInStereo: 0
   numCamera: 1
   cameraModel: 0
   fx: 0.
   fy: 0.
   cx: 0.
   cy: 0.
   k1: 0.
   k2: 0.
   k3: 0.
   k4: 0.
ImageInfoCamera1:
   -
      isActive: 1
      isCalib: 1
      cameraPath: "D:/PRoG/Git-repos/Camera-calibration-With-OpenCV/DebugTest/Test5/Camera1/Accumulated\\1.png"
      drawPath: NONE
      undistortedPath: "D:/PRoG/Git-repos/Camera-calibration-With-OpenCV/DebugTest/Test5/Camera1/Undistorted/1.png"
      state: Succes
      err: 7.9352255855093046e-01
      imgpoint:
         - [ 3.2235003662109375e+02, 1.0059677124023438e+02 ]
         - [ 3.2346292114257812e+02, 1.3797581481933594e+02 ]
         - [ 3.2441696166992188e+02, 1.7617364501953125e+02 ]
         - [ 3.2534265136718750e+02, 2.1528314208984375e+02 ]
         - [ 3.2635366821289062e+02, 2.5512461853027344e+02 ]
         - [ 2.8496435546875000e+02, 1.0704281616210938e+02 ]
         - [ 2.8552673339843750e+02, 1.4375947570800781e+02 ]
         - [ 2.8604907226562500e+02, 1.8143112182617188e+02 ]
         - [ 2.8653036499023438e+02, 2.1991018676757812e+02 ]
         - [ 2.8694317626953125e+02, 2.5929098510742188e+02 ]
         - [ 2.4871669006347656e+02, 1.1304977416992188e+02 ]
         - [ 2.4883564758300781e+02, 1.4938272094726562e+02 ]
         - [ 2.4888995361328125e+02, 1.8645863342285156e+02 ]
         - [ 2.4897074890136719e+02, 2.2450460815429688e+02 ]
         - [ 2.4890913391113281e+02, 2.6325259399414062e+02 ]
         - [ 2.1354048156738281e+02, 1.1875640869140625e+02 ]
         - [ 2.1329330444335938e+02, 1.5466069030761719e+02 ]
         - [ 2.1291371154785156e+02, 1.9135946655273438e+02 ]
         - [ 2.1254141235351562e+02, 2.2874368286132812e+02 ]
         - [ 2.1216334533691406e+02, 2.6708221435546875e+02 ]
         - [ 1.7931727600097656e+02, 1.2431063842773438e+02 ]
         - [ 1.7869470214843750e+02, 1.5969097900390625e+02 ]
         - [ 1.7794366455078125e+02, 1.9591647338867188e+02 ]
         - [ 1.7733300781250000e+02, 2.3299490356445312e+02 ]
         - [ 1.7636026000976562e+02, 2.7068652343750000e+02 ]
         - [ 1.4562950134277344e+02, 1.2949337768554688e+02 ]
         - [ 1.4476492309570312e+02, 1.6453344726562500e+02 ]
         - [ 1.4371614074707031e+02, 2.0040614318847656e+02 ]
         - [ 1.4264546203613281e+02, 2.3698706054687500e+02 ]
         - [ 1.4139213562011719e+02, 2.7439761352539062e+02 ]
         - [ 1.1290915679931641e+02, 1.3461984252929688e+02 ]
         - [ 1.1161892700195312e+02, 1.6941210937500000e+02 ]
         - [ 1.1027825164794922e+02, 2.0473065185546875e+02 ]
         - [ 1.0864978790283203e+02, 2.4087181091308594e+02 ]
         - [ 1.0706903076171875e+02, 2.7775637817382812e+02 ]
         - [ 8.0672210693359375e+01, 1.3963162231445312e+02 ]
         - [ 7.9312812805175781e+01, 1.7408308410644531e+02 ]
         - [ 7.7495765686035156e+01, 2.0906011962890625e+02 ]
         - [ 7.5437194824218750e+01, 2.4467961120605469e+02 ]
         - [ 7.3342369079589844e+01, 2.8124707031250000e+02 ]
      reprojectPoint:
         - [ 3.2222280883789062e+02, 1.0075992584228516e+02 ]
         - [ 3.2322189331054688e+02, 1.3808276367187500e+02 ]
         - [ 3.2423242187500000e+02, 1.7619963073730469e+02 ]
         - [ 3.2524279785156250e+02, 2.1521723937988281e+02 ]
         - [ 3.2624310302734375e+02, 2.5520307922363281e+02 ]
         - [ 2.8498333740234375e+02, 1.0698811340332031e+02 ]
         - [ 2.8554644775390625e+02, 1.4379542541503906e+02 ]
         - [ 2.8608865356445312e+02, 1.8139418029785156e+02 ]
         - [ 2.8660803222656250e+02, 2.1988037109375000e+02 ]
         - [ 2.8710211181640625e+02, 2.5931127929687500e+02 ]
         - [ 2.4879336547851562e+02, 1.1296636199951172e+02 ]
         - [ 2.4893646240234375e+02, 1.4929835510253906e+02 ]
         - [ 2.4903175354003906e+02, 1.8640766906738281e+02 ]
         - [ 2.4908586120605469e+02, 2.2438110351562500e+02 ]
         - [ 2.4910205078125000e+02, 2.6327197265625000e+02 ]
         - [ 2.1357487487792969e+02, 1.1871611022949219e+02 ]
         - [ 2.1332534790039062e+02, 1.5460501098632812e+02 ]
         - [ 2.1300416564941406e+02, 1.9124850463867188e+02 ]
         - [ 2.1262275695800781e+02, 2.2872694396972656e+02 ]
         - [ 2.1218640136718750e+02, 2.6709533691406250e+02 ]
         - [ 1.7925035095214844e+02, 1.2424553680419922e+02 ]
         - [ 1.7863902282714844e+02, 1.5971821594238281e+02 ]
         - [ 1.7793295288085938e+02, 1.9591908264160156e+02 ]
         - [ 1.7714347839355469e+02, 2.3292478942871094e+02 ]
         - [ 1.7627377319335938e+02, 2.7079614257812500e+02 ]
         - [ 1.4573406982421875e+02, 1.2955883789062500e+02 ]
         - [ 1.4478628540039062e+02, 1.6463896179199219e+02 ]
         - [ 1.4372041320800781e+02, 2.0042245483398438e+02 ]
         - [ 1.4254286193847656e+02, 2.3698416137695312e+02 ]
         - [ 1.4125154113769531e+02, 2.7439263916015625e+02 ]
         - [ 1.1293794250488281e+02, 1.3466458129882812e+02 ]
         - [ 1.1166674804687500e+02, 1.6937332153320312e+02 ]
         - [ 1.1025467681884766e+02, 2.0476651000976562e+02 ]
         - [ 1.0869985198974609e+02, 2.4091784667968750e+02 ]
         - [ 1.0699350738525391e+02, 2.7790280151367188e+02 ]
         - [ 8.0790901184082031e+01, 1.3958186340332031e+02 ]
         - [ 7.9193977355957031e+01, 1.7393655395507812e+02 ]
         - [ 7.7437324523925781e+01, 2.0896551513671875e+02 ]
         - [ 7.5509483337402344e+01, 2.4474002075195312e+02 ]
         - [ 7.3396583557128906e+01, 2.8133874511718750e+02 ]
      charucoIds: []
   -
      isActive: 1
      isCalib: 1
      cameraPath: "D:/PRoG/Git-repos/Camera-calibration-With-OpenCV/DebugTest/Test5/Camera1/Accumulated\\2.png"
      drawPath: NONE
      undistortedPath: "D:/PRoG/Git-repos/Camera-calibration-With-OpenCV/DebugTest/Test5/Camera1/Undistorted/2.png"
      state: Succes
      err: 7.5778748687438524e-01
      imgpoint:
         - [ 2.7797952270507812e+02, 2.6375268554687500e+02 ]
         - [ 2.7856781005859375e+02, 2.9473455810546875e+02 ]
         - [ 2.7899121093750000e+02, 3.2638369750976562e+02 ]
         - [ 2.7953079223632812e+02, 3.5857806396484375e+02 ]
         - [ 2.7990808105468750e+02, 3.9145046997070312e+02 ]
         - [ 2.4765901184082031e+02, 2.6651144409179688e+02 ]
         - [ 2.4775561523437500e+02, 2.9722167968750000e+02 ]
         - [ 2.4788157653808594e+02, 3.2849664306640625e+02 ]
         - [ 2.4801411437988281e+02, 3.6050350952148438e+02 ]
         - [ 2.4815469360351562e+02, 3.9316073608398438e+02 ]
         - [ 2.1774523925781250e+02, 2.6910565185546875e+02 ]
         - [ 2.1757913208007812e+02, 2.9953280639648438e+02 ]
         - [ 2.1743542480468750e+02, 3.3059341430664062e+02 ]
         - [ 2.1729440307617188e+02, 3.6244366455078125e+02 ]
         - [ 2.1687408447265625e+02, 3.9476013183593750e+02 ]
         - [ 1.8840751647949219e+02, 2.7153805541992188e+02 ]
         - [ 1.8797174072265625e+02, 3.0176733398437500e+02 ]
         - [ 1.8749028015136719e+02, 3.3267532348632812e+02 ]
         - [ 1.8686412048339844e+02, 3.6431665039062500e+02 ]
         - [ 1.8630763244628906e+02, 3.9651647949218750e+02 ]
         - [ 1.5942068481445312e+02, 2.7394360351562500e+02 ]
         - [ 1.5861145019531250e+02, 3.0412069702148438e+02 ]
         - [ 1.5778369140625000e+02, 3.3470889282226562e+02 ]
         - [ 1.5701939392089844e+02, 3.6621154785156250e+02 ]
         - [ 1.5603340148925781e+02, 3.9823641967773438e+02 ]
         - [ 1.3057635498046875e+02, 2.7639324951171875e+02 ]
