%YAML:1.0
---
FirstCameraName: None
FirstCameraIndex: -1
SecondCameraName: None
SecondCameraIndex: -1
Exposure: 0.
Gain: 0.
Pattern: Chessboard
Row: 5
Col: 8
CheckerSize: 0.
MarkerSize: 0.
DictionaryName: NULL
isWebCamera: 0
isBaslerCamera: 0
SettingCalibration:
   isUseParametr: 0
   isFixedFocal: 0
   isFixedAspectRatio: 0
   isFixedPrincipalPoint: 0
   isfixedK1: 0
   isfixedK2: 0
   isfixedK3: 0
   isfixedK4: 0
   iszeroTangent: 0
   isCaibration: 1
   isStereoCaibration: 0
   isUseSingleCalibratedInStereo: 0
   numCamera: 1
   cameraModel: 0
   fx: 8.5357003870000005e+02
   fy: 8.5388276929999995e+02
   cx: 2.9995008769999998e+02
   cy: 2.1437599050000000e+02
   k1: 7.1740200000000004e-02
   k2: 3.5676760000000002e-01
   k3: 0.
   k4: 0.
ImageInfoCamera1:
   -
      isActive: 1
      isCalib: 1
      cameraPath: "D:/PRoG/Git-repos/Camera-calibration-With-OpenCV/DebugTest/Test4/Camera1/Accumulated\\1.png"
      drawPath: NONE
      undistortedPath: "D:/PRoG/Git-repos/Camera-calibration-With-OpenCV/DebugTest/Test4/Camera1/Undistorted/1.png"
      state: Succes
      err: 7.2117183007562080e-01
      imgpoint:
         - [ 5.1244250488281250e+02, 1.1325240325927734e+02 ]
         - [ 5.1553192138671875e+02, 1.5054907226562500e+02 ]
         - [ 5.1868347167968750e+02, 1.8857907104492188e+02 ]
         - [ 5.2205224609375000e+02, 2.2759710693359375e+02 ]
         - [ 5.2548803710937500e+02, 2.6748260498046875e+02 ]
         - [ 4.7210556030273438e+02, 1.1943740844726562e+02 ]
         - [ 4.7459240722656250e+02, 1.5613545227050781e+02 ]
         - [ 4.7732977294921875e+02, 1.9357580566406250e+02 ]
         - [ 4.8001443481445312e+02, 2.3210377502441406e+02 ]
         - [ 4.8279431152343750e+02, 2.7138446044921875e+02 ]
         - [ 4.3312011718750000e+02, 1.2526976776123047e+02 ]
         - [ 4.3521527099609375e+02, 1.6141165161132812e+02 ]
         - [ 4.3733529663085938e+02, 1.9838621520996094e+02 ]
         - [ 4.3950805664062500e+02, 2.3635873413085938e+02 ]
         - [ 4.4168209838867188e+02, 2.7512478637695312e+02 ]
         - [ 3.9539373779296875e+02, 1.3066687011718750e+02 ]
         - [ 3.9707409667968750e+02, 1.6641914367675781e+02 ]
         - [ 3.9860226440429688e+02, 2.0295767211914062e+02 ]
         - [ 4.0032785034179688e+02, 2.4045503234863281e+02 ]
         - [ 4.0193859863281250e+02, 2.7868652343750000e+02 ]
         - [ 3.5869406127929688e+02, 1.3593563842773438e+02 ]
         - [ 3.5991824340820312e+02, 1.7132931518554688e+02 ]
         - [ 3.6105517578125000e+02, 2.0740567016601562e+02 ]
         - [ 3.6233746337890625e+02, 2.4438436889648438e+02 ]
         - [ 3.6341549682617188e+02, 2.8215618896484375e+02 ]
         - [ 3.2292712402343750e+02, 1.4088888549804688e+02 ]
         - [ 3.2363348388671875e+02, 1.7578594970703125e+02 ]
         - [ 3.2443319702148438e+02, 2.1153994750976562e+02 ]
         - [ 3.2514053344726562e+02, 2.4818099975585938e+02 ]
         - [ 3.2581143188476562e+02, 2.8551223754882812e+02 ]
         - [ 2.8800982666015625e+02, 1.4588127136230469e+02 ]
         - [ 2.8833892822265625e+02, 1.8044010925292969e+02 ]
         - [ 2.8857296752929688e+02, 2.1566300964355469e+02 ]
         - [ 2.8885125732421875e+02, 2.5173629760742188e+02 ]
         - [ 2.8916262817382812e+02, 2.8864944458007812e+02 ]
         - [ 2.5379145812988281e+02, 1.5070565795898438e+02 ]
         - [ 2.5375410461425781e+02, 1.8486367797851562e+02 ]
         - [ 2.5361395263671875e+02, 2.1974844360351562e+02 ]
         - [ 2.5342413330078125e+02, 2.5539927673339844e+02 ]
         - [ 2.5315959167480469e+02, 2.9172415161132812e+02 ]
      reprojectPoint:
         - [ 5.1230151367187500e+02, 1.1332564544677734e+02 ]
         - [ 5.1536999511718750e+02, 1.5052313232421875e+02 ]
         - [ 5.1856707763671875e+02, 1.8857048034667969e+02 ]
         - [ 5.2190380859375000e+02, 2.2754260253906250e+02 ]
         - [ 5.2539410400390625e+02, 2.6752383422851562e+02 ]
         - [ 4.7214697265625000e+02, 1.1939263153076172e+02 ]
         - [ 4.7469326782226562e+02, 1.5608120727539062e+02 ]
         - [ 4.7733493041992188e+02, 1.9359982299804688e+02 ]
         - [ 4.8007882690429688e+02, 2.3201873779296875e+02 ]
         - [ 4.8293539428710938e+02, 2.7141650390625000e+02 ]
         - [ 4.3323947143554688e+02, 1.2517034912109375e+02 ]
         - [ 4.3529412841796875e+02, 1.6137928771972656e+02 ]
         - [ 4.3741366577148438e+02, 1.9840136718750000e+02 ]
         - [ 4.3960183715820312e+02, 2.3630178833007812e+02 ]
         - [ 4.4186569213867188e+02, 2.7515289306640625e+02 ]
         - [ 3.9546328735351562e+02, 1.3068545532226562e+02 ]
         - [ 3.9704998779296875e+02, 1.6644180297851562e+02 ]
         - [ 3.9867492675781250e+02, 2.0299580383300781e+02 ]
         - [ 4.0033959960937500e+02, 2.4040794372558594e+02 ]
         - [ 4.0204821777343750e+02, 2.7874499511718750e+02 ]
         - [ 3.5871725463867188e+02, 1.3596350097656250e+02 ]
         - [ 3.5985610961914062e+02, 1.7129092407226562e+02 ]
         - [ 3.6101013183593750e+02, 2.0740106201171875e+02 ]
         - [ 3.6217935180664062e+02, 2.4435041809082031e+02 ]
         - [ 3.6336550903320312e+02, 2.8220129394531250e+02 ]
         - [ 3.2291815185546875e+02, 1.4102644348144531e+02 ]
         - [ 3.2362756347656250e+02, 1.7594540405273438e+02 ]
         - [ 3.2433193969726562e+02, 2.1163223266601562e+02 ]
         - [ 3.2503030395507812e+02, 2.4814041137695312e+02 ]
         - [ 3.2572229003906250e+02, 2.8552911376953125e+02 ]
         - [ 2.8799746704101562e+02, 1.4589227294921875e+02 ]
         - [ 2.8829507446289062e+02, 1.8042062377929688e+02 ]
         - [ 2.8856951904296875e+02, 2.1570210266113281e+02 ]
         - [ 2.8881881713867188e+02, 2.5178817749023438e+02 ]
         - [ 2.8904061889648438e+02, 2.8873614501953125e+02 ]
         - [ 2.5389657592773438e+02, 1.5057537841796875e+02 ]
         - [ 2.5379946899414062e+02, 1.8472933959960938e+02 ]
         - [ 2.5366209411621094e+02, 2.1962199401855469e+02 ]
         - [ 2.5348144531250000e+02, 2.5530371093750000e+02 ]
         - [ 2.5325320434570312e+02, 2.9183105468750000e+02 ]
      charucoIds: []
   -
      isActive: 1
      isCalib: 1
      cameraPath: "D:/PRoG/Git-repos/Camera-calibration-With-OpenCV/DebugTest/Test4/Camera1/Accumulated\\2.png"
      drawPath: NONE
      undistortedPath: "D:/PRoG/Git-repos/Camera-calibration-With-OpenCV/DebugTest/Test4/Camera1/Undistorted/2.png"
      state: Succes
      err: 6.7048114600798303e-01
      imgpoint:
         - [ 4.2777075195312500e+02, 2.7580307006835938e+02 ]
         - [ 4.2974847412109375e+02, 3.0673986816406250e+02 ]
         - [ 4.3171493530273438e+02, 3.3833508300781250e+02 ]
         - [ 4.3384317016601562e+02, 3.7069647216796875e+02 ]
         - [ 4.3598678588867188e+02, 4.0368475341796875e+02 ]
         - [ 3.9619235229492188e+02, 2.7835559082031250e+02 ]
         - [ 3.9766860961914062e+02, 3.0902127075195312e+02 ]
         - [ 3.9939825439453125e+02, 3.4041326904296875e+02 ]
         - [ 4.0097766113281250e+02, 3.7245608520507812e+02 ]
         - [ 4.0272644042968750e+02, 4.0536984252929688e+02 ]
         - [ 3.6510098266601562e+02, 2.8066735839843750e+02 ]
         - [ 3.6636618041992188e+02, 3.1123138427734375e+02 ]
         - [ 3.6754580688476562e+02, 3.4236145019531250e+02 ]
         - [ 3.6889440917968750e+02, 3.7430117797851562e+02 ]
         - [ 3.7020800781250000e+02, 4.0671264648437500e+02 ]
         - [ 3.3456112670898438e+02, 2.8307250976562500e+02 ]
         - [ 3.3546255493164062e+02, 3.1333486938476562e+02 ]
         - [ 3.3636880493164062e+02, 3.4431103515625000e+02 ]
         - [ 3.3726058959960938e+02, 3.7580047607421875e+02 ]
         - [ 3.3816885375976562e+02, 4.0824786376953125e+02 ]
         - [ 3.0447756958007812e+02, 2.8527578735351562e+02 ]
         - [ 3.0515762329101562e+02, 3.1543243408203125e+02 ]
         - [ 3.0557855224609375e+02, 3.4610504150390625e+02 ]
         - [ 3.0624475097656250e+02, 3.7755010986328125e+02 ]
