%YAML:1.0
---
Date: "2022.25.5--08:34:24"
CountImg: 8
RMSE: 2.3493010351788926e-01
MeanErr: 2.6064996171295456e+00
CameraMatrix: !!opencv-matrix
   rows: 3
   cols: 3
   dt: d
   data: [ 1.5366035865225324e+03, 0., 6.2845606755856522e+02, 0.,
       1.5343612130070760e+03, 4.9846314666395136e+02, 0., 0., 1. ]
DistCoeffs: !!opencv-matrix
   rows: 1
   cols: 5
   dt: d
   data: [ -1.1852368850597274e-01, 1.7116275169218376e-01,
       1.8402272730502504e-03, -2.0368402402036029e-03,
       -2.9301084542394586e-02 ]
R:
   - !!opencv-matrix
      rows: 3
      cols: 1
      dt: d
      data: [ -2.1804660462880509e-03, -8.1520705205155915e-03,
          -1.5649235578287941e+00 ]
   - !!opencv-matrix
      rows: 3
      cols: 1
      dt: d
      data: [ 5.4226713530314344e-02, -1.2741465346768802e-02,
          -1.5604676027842050e+00 ]
   - !!opencv-matrix
      rows: 3
      cols: 1
      dt: d
      data: [ -4.5753870318111373e-02, -6.3269314708065821e-02,
          -1.6316415847579901e+00 ]
   - !!opencv-matrix
      rows: 3
      cols: 1
      dt: d
      data: [ -5.0605326711534337e-02, -1.2335745850106741e-01,
          -1.6521483860320911e+00 ]
   - !!opencv-matrix
      rows: 3
      cols: 1
      dt: d
      data: [ 8.5644336037351554e-02, -8.6144520756391549e-02,
          -1.6083012418910354e+00 ]
   - !!opencv-matrix
      rows: 3
      cols: 1
      dt: d
      data: [ 1.2125764539264020e-01, -1.1767895556136346e-01,
          -1.6832727354974029e+00 ]
   - !!opencv-matrix
      rows: 3
      cols: 1
      dt: d
      data: [ -8.8068939019725567e-02, 6.4934521895214634e-02,
          -1.7123625984456281e+00 ]
   - !!opencv-matrix
      rows: 3
      cols: 1
      dt: d
      data: [ -4.5812435139514773e-01, 2.6779896104190076e-01,
          -1.6066627622805101e+00 ]
T:
   - !!opencv-matrix
      rows: 3
      cols: 1
      dt: d
      data: [ -9.8892529521824031e+00, 7.4531627538556915e+00,
          3.0107932469813516e+01 ]
   - !!opencv-matrix
      rows: 3
      cols: 1
      dt: d
      data: [ -6.3220233105612458e+00, 7.5022248625426569e+00,
          3.0669423015491315e+01 ]
   - !!opencv-matrix
      rows: 3
      cols: 1
      dt: d
      data: [ -3.7023705895504344e+00, 7.8983832069311646e+00,
          2.8542491736118254e+01 ]
   - !!opencv-matrix
      rows: 3
      cols: 1
      dt: d
      data: [ -1.2157161484749928e+01, 7.3824965524759580e+00,
          3.2709081533105262e+01 ]
   - !!opencv-matrix
      rows: 3
      cols: 1
      dt: d
      data: [ -5.5026047663332136e+00, 7.0919959275220856e+00,
          3.1399458710361635e+01 ]
   - !!opencv-matrix
      rows: 3
      cols: 1
      dt: d
      data: [ -9.6882168715102246e+00, 1.7701425151264141e+00,
          2.8253518787886009e+01 ]
   - !!opencv-matrix
      rows: 3
      cols: 1
      dt: d
      data: [ -8.7560124571347284e+00, 2.9539943796914532e+00,
          2.9106976431856410e+01 ]
   - !!opencv-matrix
      rows: 3
      cols: 1
      dt: d
      data: [ -1.0383397481302898e+01, 7.8768700864396868e+00,
          3.1595500233932093e+01 ]
Size: [ 960, 1280 ]
objectPoints:
   - [ 0., 0., 0., 1., 0., 0., 2., 0., 0., 3., 0., 0., 4., 0., 0., 5.,
       0., 0., 6., 0., 0., 7., 0., 0., 8., 0., 0., 0., 1., 0., 1., 1.,
       0., 2., 1., 0., 3., 1., 0., 4., 1., 0., 5., 1., 0., 6., 1., 0.,
       7., 1., 0., 8., 1., 0., 0., 2., 0., 1., 2., 0., 2., 2., 0., 3.,
       2., 0., 4., 2., 0., 5., 2., 0., 6., 2., 0., 7., 2., 0., 8., 2.,
       0., 0., 3., 0., 1., 3., 0., 2., 3., 0., 3., 3., 0., 4., 3., 0.,
       5., 3., 0., 6., 3., 0., 7., 3., 0., 8., 3., 0., 0., 4., 0., 1.,
       4., 0., 2., 4., 0., 3., 4., 0., 4., 4., 0., 5., 4., 0., 6., 4.,
       0., 7., 4., 0., 8., 4., 0., 0., 5., 0., 1., 5., 0., 2., 5., 0.,
       3., 5., 0., 4., 5., 0., 5., 5., 0., 6., 5., 0., 7., 5., 0., 8.,
       5., 0., 0., 6., 0., 1., 6., 0., 2., 6., 0., 3., 6., 0., 4., 6.,
       0., 5., 6., 0., 6., 6., 0., 7., 6., 0., 8., 6., 0., 0., 7., 0.,
       1., 7., 0., 2., 7., 0., 3., 7., 0., 4., 7., 0., 5., 7., 0., 6.,
       7., 0., 7., 7., 0., 8., 7., 0., 0., 8., 0., 1., 8., 0., 2., 8.,
       0., 3., 8., 0., 4., 8., 0., 5., 8., 0., 6., 8., 0., 7., 8., 0.,
       8., 8., 0., 0., 9., 0., 1., 9., 0., 2., 9., 0., 3., 9., 0., 4.,
       9., 0., 5., 9., 0., 6., 9., 0., 7., 9., 0., 8., 9., 0., 0., 10.,
       0., 1., 10., 0., 2., 10., 0., 3., 10., 0., 4., 10., 0., 5., 10.,
       0., 6., 10., 0., 7., 10., 0., 8., 10., 0., 0., 11., 0., 1., 11.,
       0., 2., 11., 0., 3., 11., 0., 4., 11., 0., 5., 11., 0., 6., 11.,
       0., 7., 11., 0., 8., 11., 0., 0., 12., 0., 1., 12., 0., 2., 12.,
       0., 3., 12., 0., 4., 12., 0., 5., 12., 0., 6., 12., 0., 7., 12.,
       0., 8., 12., 0., 0., 13., 0., 1., 13., 0., 2., 13., 0., 3., 13.,
       0., 4., 13., 0., 5., 13., 0., 6., 13., 0., 7., 13., 0., 8., 13.,
       0. ]
   - [ 0., 0., 0., 1., 0., 0., 2., 0., 0., 3., 0., 0., 4., 0., 0., 5.,
       0., 0., 6., 0., 0., 7., 0., 0., 8., 0., 0., 0., 1., 0., 1., 1.,
       0., 2., 1., 0., 3., 1., 0., 4., 1., 0., 5., 1., 0., 6., 1., 0.,
       7., 1., 0., 8., 1., 0., 0., 2., 0., 1., 2., 0., 2., 2., 0., 3.,
       2., 0., 4., 2., 0., 5., 2., 0., 6., 2., 0., 7., 2., 0., 8., 2.,
       0., 0., 3., 0., 1., 3., 0., 2., 3., 0., 3., 3., 0., 4., 3., 0.,
       5., 3., 0., 6., 3., 0., 7., 3., 0., 8., 3., 0., 0., 4., 0., 1.,
       4., 0., 2., 4., 0., 3., 4., 0., 4., 4., 0., 5., 4., 0., 6., 4.,
       0., 7., 4., 0., 8., 4., 0., 0., 5., 0., 1., 5., 0., 2., 5., 0.,
       3., 5., 0., 4., 5., 0., 5., 5., 0., 6., 5., 0., 7., 5., 0., 8.,
       5., 0., 0., 6., 0., 1., 6., 0., 2., 6., 0., 3., 6., 0., 4., 6.,
       0., 5., 6., 0., 6., 6., 0., 7., 6., 0., 8., 6., 0., 0., 7., 0.,
       1., 7., 0., 2., 7., 0., 3., 7., 0., 4., 7., 0., 5., 7., 0., 6.,
       7., 0., 7., 7., 0., 8., 7., 0., 0., 8., 0., 1., 8., 0., 2., 8.,
       0., 3., 8., 0., 4., 8., 0., 5., 8., 0., 6., 8., 0., 7., 8., 0.,
       8., 8., 0., 0., 9., 0., 1., 9., 0., 2., 9., 0., 3., 9., 0., 4.,
       9., 0., 5., 9., 0., 6., 9., 0., 7., 9., 0., 8., 9., 0., 0., 10.,
       0., 1., 10., 0., 2., 10., 0., 3., 10., 0., 4., 10., 0., 5., 10.,
       0., 6., 10., 0., 7., 10., 0., 8., 10., 0., 0., 11., 0., 1., 11.,
       0., 2., 11., 0., 3., 11., 0., 4., 11., 0., 5., 11., 0., 6., 11.,
       0., 7., 11., 0., 8., 11., 0., 0., 12., 0., 1., 12., 0., 2., 12.,
       0., 3., 12., 0., 4., 12., 0., 5., 12., 0., 6., 12., 0., 7., 12.,
       0., 8., 12., 0., 0., 13., 0., 1., 13., 0., 2., 13., 0., 3., 13.,
       0., 4., 13., 0., 5., 13., 0., 6., 13., 0., 7., 13., 0., 8., 13.,
       0. ]
   - [ 0., 0., 0., 1., 0., 0., 2., 0., 0., 3., 0., 0., 4., 0., 0., 5.,
       0., 0., 6., 0., 0., 7., 0., 0., 8., 0., 0., 0., 1., 0., 1., 1.,
       0., 2., 1., 0., 3., 1., 0., 4., 1., 0., 5., 1., 0., 6., 1., 0.,
       7., 1., 0., 8., 1., 0., 0., 2., 0., 1., 2., 0., 2., 2., 0., 3.,
       2., 0., 4., 2., 0., 5., 2., 0., 6., 2., 0., 7., 2., 0., 8., 2.,
       0., 0., 3., 0., 1., 3., 0., 2., 3., 0., 3., 3., 0., 4., 3., 0.,
       5., 3., 0., 6., 3., 0., 7., 3., 0., 8., 3., 0., 0., 4., 0., 1.,
       4., 0., 2., 4., 0., 3., 4., 0., 4., 4., 0., 5., 4., 0., 6., 4.,
       0., 7., 4., 0., 8., 4., 0., 0., 5., 0., 1., 5., 0., 2., 5., 0.,
       3., 5., 0., 4., 5., 0., 5., 5., 0., 6., 5., 0., 7., 5., 0., 8.,
       5., 0., 0., 6., 0., 1., 6., 0., 2., 6., 0., 3., 6., 0., 4., 6.,
       0., 5., 6., 0., 6., 6., 0., 7., 6., 0., 8., 6., 0., 0., 7., 0.,
       1., 7., 0., 2., 7., 0., 3., 7., 0., 4., 7., 0., 5., 7., 0., 6.,
       7., 0., 7., 7., 0., 8., 7., 0., 0., 8., 0., 1., 8., 0., 2., 8.,
       0., 3., 8., 0., 4., 8., 0., 5., 8., 0., 6., 8., 0., 7., 8., 0.,
       8., 8., 0., 0., 9., 0., 1., 9., 0., 2., 9., 0., 3., 9., 0., 4.,
       9., 0., 5., 9., 0., 6., 9., 0., 7., 9., 0., 8., 9., 0., 0., 10.,
       0., 1., 10., 0., 2., 10., 0., 3., 10., 0., 4., 10., 0., 5., 10.,
       0., 6., 10., 0., 7., 10., 0., 8., 10., 0., 0., 11., 0., 1., 11.,
       0., 2., 11., 0., 3., 11., 0., 4., 11., 0., 5., 11., 0., 6., 11.,
