%YAML:1.0
---
Date: "2022.25.5--10:45:24"
CountImg: 5
RMSE: 1.1682218706268671e-01
MeanErr: 8.5821054979083444e-01
CameraMatrix: !!opencv-matrix
   rows: 3
   cols: 3
   dt: d
   data: [ 1.6476424725233080e+03, 0., 6.5429642295774920e+02, 0.,
       1.6503475559591759e+03, 5.1284326756826783e+02, 0., 0., 1. ]
DistCoeffs: !!opencv-matrix
   rows: 1
   cols: 5
   dt: d
   data: [ -2.5426579287904809e-02, -9.4596547772276482e-02,
       1.3685930467885539e-03, 6.1849114110368751e-03,
       2.0613575280276324e+00 ]
R:
   - !!opencv-matrix
      rows: 3
      cols: 1
      dt: d
      data: [ 5.2585898321568958e-02, -5.9063344443817719e-03,
          -2.7231002005102541e-02 ]
   - !!opencv-matrix
      rows: 3
      cols: 1
      dt: d
      data: [ 6.3107254909348917e-02, -2.0923321097440561e-01,
          -6.9868029327495321e-02 ]
   - !!opencv-matrix
      rows: 3
      cols: 1
      dt: d
      data: [ 4.9703717161506705e-02, -8.5580015547277677e-02,
          -1.9699853255962220e-02 ]
   - !!opencv-matrix
      rows: 3
      cols: 1
      dt: d
      data: [ 8.0614833100105573e-02, -1.2833025052091723e-01,
          -3.2359064374498189e-02 ]
   - !!opencv-matrix
      rows: 3
      cols: 1
      dt: d
      data: [ 1.7061319797870411e-01, -1.8319931426322150e-01,
          -3.2792685528220254e-02 ]
T:
   - !!opencv-matrix
      rows: 3
      cols: 1
      dt: d
      data: [ -1.0805914756054134e+01, -4.7274468238203529e+00,
          4.1455392436875897e+01 ]
   - !!opencv-matrix
      rows: 3
      cols: 1
      dt: d
      data: [ -6.7255285542401664e+00, -5.3315203936799467e+00,
          4.3131230472239125e+01 ]
   - !!opencv-matrix
      rows: 3
      cols: 1
      dt: d
      data: [ -3.7254479710102171e+00, -6.6167774423581482e+00,
          4.5582011948603501e+01 ]
   - !!opencv-matrix
      rows: 3
      cols: 1
      dt: d
      data: [ -4.5840521176736795e+00, -1.0618863875227811e+01,
          4.2906142334423606e+01 ]
   - !!opencv-matrix
      rows: 3
      cols: 1
      dt: d
      data: [ -3.9121604221667652e+00, -2.0161382322218140e+00,
          4.6045076616789103e+01 ]
Size: [ 960, 1280 ]
objectPoints:
   - [ 0., 0., 0., 1., 0., 0., 2., 0., 0., 3., 0., 0., 4., 0., 0., 5.,
       0., 0., 0., 1., 0., 1., 1., 0., 2., 1., 0., 3., 1., 0., 4., 1.,
       0., 5., 1., 0., 0., 2., 0., 1., 2., 0., 2., 2., 0., 3., 2., 0.,
       4., 2., 0., 5., 2., 0., 0., 3., 0., 1., 3., 0., 2., 3., 0., 3.,
       3., 0., 4., 3., 0., 5., 3., 0., 0., 4., 0., 1., 4., 0., 2., 4.,
       0., 3., 4., 0., 4., 4., 0., 5., 4., 0., 0., 5., 0., 1., 5., 0.,
       2., 5., 0., 3., 5., 0., 4., 5., 0., 5., 5., 0., 0., 6., 0., 1.,
       6., 0., 2., 6., 0., 3., 6., 0., 4., 6., 0., 5., 6., 0., 0., 7.,
       0., 1., 7., 0., 2., 7., 0., 3., 7., 0., 4., 7., 0., 5., 7., 0.,
       0., 8., 0., 1., 8., 0., 2., 8., 0., 3., 8., 0., 4., 8., 0., 5.,
       8., 0. ]
   - [ 0., 0., 0., 1., 0., 0., 2., 0., 0., 3., 0., 0., 4., 0., 0., 5.,
       0., 0., 0., 1., 0., 1., 1., 0., 2., 1., 0., 3., 1., 0., 4., 1.,
       0., 5., 1., 0., 0., 2., 0., 1., 2., 0., 2., 2., 0., 3., 2., 0.,
       4., 2., 0., 5., 2., 0., 0., 3., 0., 1., 3., 0., 2., 3., 0., 3.,
       3., 0., 4., 3., 0., 5., 3., 0., 0., 4., 0., 1., 4., 0., 2., 4.,
       0., 3., 4., 0., 4., 4., 0., 5., 4., 0., 0., 5., 0., 1., 5., 0.,
       2., 5., 0., 3., 5., 0., 4., 5., 0., 5., 5., 0., 0., 6., 0., 1.,
       6., 0., 2., 6., 0., 3., 6., 0., 4., 6., 0., 5., 6., 0., 0., 7.,
       0., 1., 7., 0., 2., 7., 0., 3., 7., 0., 4., 7., 0., 5., 7., 0.,
       0., 8., 0., 1., 8., 0., 2., 8., 0., 3., 8., 0., 4., 8., 0., 5.,
       8., 0. ]
   - [ 0., 0., 0., 1., 0., 0., 2., 0., 0., 3., 0., 0., 4., 0., 0., 5.,
       0., 0., 0., 1., 0., 1., 1., 0., 2., 1., 0., 3., 1., 0., 4., 1.,
       0., 5., 1., 0., 0., 2., 0., 1., 2., 0., 2., 2., 0., 3., 2., 0.,
       4., 2., 0., 5., 2., 0., 0., 3., 0., 1., 3., 0., 2., 3., 0., 3.,
       3., 0., 4., 3., 0., 5., 3., 0., 0., 4., 0., 1., 4., 0., 2., 4.,
       0., 3., 4., 0., 4., 4., 0., 5., 4., 0., 0., 5., 0., 1., 5., 0.,
       2., 5., 0., 3., 5., 0., 4., 5., 0., 5., 5., 0., 0., 6., 0., 1.,
       6., 0., 2., 6., 0., 3., 6., 0., 4., 6., 0., 5., 6., 0., 0., 7.,
       0., 1., 7., 0., 2., 7., 0., 3., 7., 0., 4., 7., 0., 5., 7., 0.,
       0., 8., 0., 1., 8., 0., 2., 8., 0., 3., 8., 0., 4., 8., 0., 5.,
       8., 0. ]
   - [ 0., 0., 0., 1., 0., 0., 2., 0., 0., 3., 0., 0., 4., 0., 0., 5.,
       0., 0., 0., 1., 0., 1., 1., 0., 2., 1., 0., 3., 1., 0., 4., 1.,
       0., 5., 1., 0., 0., 2., 0., 1., 2., 0., 2., 2., 0., 3., 2., 0.,
       4., 2., 0., 5., 2., 0., 0., 3., 0., 1., 3., 0., 2., 3., 0., 3.,
       3., 0., 4., 3., 0., 5., 3., 0., 0., 4., 0., 1., 4., 0., 2., 4.,
       0., 3., 4., 0., 4., 4., 0., 5., 4., 0., 0., 5., 0., 1., 5., 0.,
       2., 5., 0., 3., 5., 0., 4., 5., 0., 5., 5., 0., 0., 6., 0., 1.,
       6., 0., 2., 6., 0., 3., 6., 0., 4., 6., 0., 5., 6., 0., 0., 7.,
       0., 1., 7., 0., 2., 7., 0., 3., 7., 0., 4., 7., 0., 5., 7., 0.,
       0., 8., 0., 1., 8., 0., 2., 8., 0., 3., 8., 0., 4., 8., 0., 5.,
       8., 0. ]
   - [ 0., 0., 0., 1., 0., 0., 2., 0., 0., 3., 0., 0., 4., 0., 0., 5.,
       0., 0., 0., 1., 0., 1., 1., 0., 2., 1., 0., 3., 1., 0., 4., 1.,
       0., 5., 1., 0., 0., 2., 0., 1., 2., 0., 2., 2., 0., 3., 2., 0.,
       4., 2., 0., 5., 2., 0., 0., 3., 0., 1., 3., 0., 2., 3., 0., 3.,
       3., 0., 4., 3., 0., 5., 3., 0., 0., 4., 0., 1., 4., 0., 2., 4.,
       0., 3., 4., 0., 4., 4., 0., 5., 4., 0., 0., 5., 0., 1., 5., 0.,
       2., 5., 0., 3., 5., 0., 4., 5., 0., 5., 5., 0., 0., 6., 0., 1.,
       6., 0., 2., 6., 0., 3., 6., 0., 4., 6., 0., 5., 6., 0., 0., 7.,
       0., 1., 7., 0., 2., 7., 0., 3., 7., 0., 4., 7., 0., 5., 7., 0.,
       0., 8., 0., 1., 8., 0., 2., 8., 0., 3., 8., 0., 4., 8., 0., 5.,
       8., 0. ]
