%YAML:1.0
---
cameraMatrix: !!opencv-matrix
   rows: 3
   cols: 3
   dt: d
   data: [ 6.0064760794742097e+02, 0., 3.3143476862567547e+02, 0.,
       6.0080170828759060e+02, 2.2315074500190534e+02, 0., 0., 1. ]
distCoeffs: !!opencv-matrix
   rows: 1
   cols: 5
   dt: d
   data: [ 6.8980886147306034e-02, -1.9356888050725324e-01,
       -7.4554925824770919e-03, 6.5083846113306318e-03,
       2.4538552444596665e-01 ]
