%YAML:1.0
---
Date: "2022.24.5--19:22:36"
CountImg: 5
RMSE: 2.1956413613850909e-01
MeanErr: 2.4491456188345877e+00
CameraMatrix: !!opencv-matrix
   rows: 3
   cols: 3
   dt: d
   data: [ 1.5315531184356073e+03, 0., 6.2417695379294776e+02, 0.,
       1.5301458982526706e+03, 5.0203014092649761e+02, 0., 0., 1. ]
DistCoeffs: !!opencv-matrix
   rows: 1
   cols: 5
   dt: d
   data: [ -1.0276864516152628e-01, 5.5381185503513800e-02,
       2.7258541678944620e-03, -2.0618102022342743e-03,
       3.0394354556780190e-01 ]
R:
   - !!opencv-matrix
      rows: 3
      cols: 1
      dt: d
      data: [ 1.0595806927932029e-03, -2.9893078147124785e-03,
          -1.5646882123608290e+00 ]
   - !!opencv-matrix
      rows: 3
      cols: 1
      dt: d
      data: [ -4.8158206386946463e-02, -1.1921410885840424e-01,
          -1.6518152650061682e+00 ]
   - !!opencv-matrix
      rows: 3
      cols: 1
      dt: d
      data: [ 1.1965937150400573e-01, -1.1503592237761823e-01,
          -1.6833710722794932e+00 ]
   - !!opencv-matrix
      rows: 3
      cols: 1
      dt: d
      data: [ -8.7500489146353666e-02, 6.7658310502108271e-02,
          -1.7120294929547981e+00 ]
   - !!opencv-matrix
      rows: 3
      cols: 1
      dt: d
      data: [ -4.5681701084498944e-01, 2.7073159751178566e-01,
          -1.6058873879455418e+00 ]
T:
   - !!opencv-matrix
      rows: 3
      cols: 1
      dt: d
      data: [ -9.8066001095283148e+00, 7.3795215055056191e+00,
          3.0069116277595157e+01 ]
   - !!opencv-matrix
      rows: 3
      cols: 1
      dt: d
      data: [ -1.2068610657512805e+01, 7.3024034797020203e+00,
          3.2664136356557421e+01 ]
   - !!opencv-matrix
      rows: 3
      cols: 1
      dt: d
      data: [ -9.6097996683303588e+00, 1.7020283084771222e+00,
          2.8188607014061382e+01 ]
   - !!opencv-matrix
      rows: 3
      cols: 1
      dt: d
      data: [ -8.6771944207035325e+00, 2.8844852486995243e+00,
          2.9048548541104765e+01 ]
   - !!opencv-matrix
      rows: 3
      cols: 1
      dt: d
      data: [ -1.0303834935527565e+01, 7.8015305088712745e+00,
          3.1569671357369348e+01 ]
Size: [ 960, 1280 ]
objectPoints:
   - [ 0., 0., 0., 1., 0., 0., 2., 0., 0., 3., 0., 0., 4., 0., 0., 5.,
       0., 0., 6., 0., 0., 7., 0., 0., 8., 0., 0., 0., 1., 0., 1., 1.,
       0., 2., 1., 0., 3., 1., 0., 4., 1., 0., 5., 1., 0., 6., 1., 0.,
       7., 1., 0., 8., 1., 0., 0., 2., 0., 1., 2., 0., 2., 2., 0., 3.,
       2., 0., 4., 2., 0., 5., 2., 0., 6., 2., 0., 7., 2., 0., 8., 2.,
       0., 0., 3., 0., 1., 3., 0., 2., 3., 0., 3., 3., 0., 4., 3., 0.,
       5., 3., 0., 6., 3., 0., 7., 3., 0., 8., 3., 0., 0., 4., 0., 1.,
       4., 0., 2., 4., 0., 3., 4., 0., 4., 4., 0., 5., 4., 0., 6., 4.,
       0., 7., 4., 0., 8., 4., 0., 0., 5., 0., 1., 5., 0., 2., 5., 0.,
       3., 5., 0., 4., 5., 0., 5., 5., 0., 6., 5., 0., 7., 5., 0., 8.,
       5., 0., 0., 6., 0., 1., 6., 0., 2., 6., 0., 3., 6., 0., 4., 6.,
       0., 5., 6., 0., 6., 6., 0., 7., 6., 0., 8., 6., 0., 0., 7., 0.,
       1., 7., 0., 2., 7., 0., 3., 7., 0., 4., 7., 0., 5., 7., 0., 6.,
       7., 0., 7., 7., 0., 8., 7., 0., 0., 8., 0., 1., 8., 0., 2., 8.,
       0., 3., 8., 0., 4., 8., 0., 5., 8., 0., 6., 8., 0., 7., 8., 0.,
       8., 8., 0., 0., 9., 0., 1., 9., 0., 2., 9., 0., 3., 9., 0., 4.,
       9., 0., 5., 9., 0., 6., 9., 0., 7., 9., 0., 8., 9., 0., 0., 10.,
       0., 1., 10., 0., 2., 10., 0., 3., 10., 0., 4., 10., 0., 5., 10.,
       0., 6., 10., 0., 7., 10., 0., 8., 10., 0., 0., 11., 0., 1., 11.,
       0., 2., 11., 0., 3., 11., 0., 4., 11., 0., 5., 11., 0., 6., 11.,
       0., 7., 11., 0., 8., 11., 0., 0., 12., 0., 1., 12., 0., 2., 12.,
       0., 3., 12., 0., 4., 12., 0., 5., 12., 0., 6., 12., 0., 7., 12.,
       0., 8., 12., 0., 0., 13., 0., 1., 13., 0., 2., 13., 0., 3., 13.,
       0., 4., 13., 0., 5., 13., 0., 6., 13., 0., 7., 13., 0., 8., 13.,
       0. ]
   - [ 0., 0., 0., 1., 0., 0., 2., 0., 0., 3., 0., 0., 4., 0., 0., 5.,
       0., 0., 6., 0., 0., 7., 0., 0., 8., 0., 0., 0., 1., 0., 1., 1.,
       0., 2., 1., 0., 3., 1., 0., 4., 1., 0., 5., 1., 0., 6., 1., 0.,
       7., 1., 0., 8., 1., 0., 0., 2., 0., 1., 2., 0., 2., 2., 0., 3.,
       2., 0., 4., 2., 0., 5., 2., 0., 6., 2., 0., 7., 2., 0., 8., 2.,
       0., 0., 3., 0., 1., 3., 0., 2., 3., 0., 3., 3., 0., 4., 3., 0.,
       5., 3., 0., 6., 3., 0., 7., 3., 0., 8., 3., 0., 0., 4., 0., 1.,
       4., 0., 2., 4., 0., 3., 4., 0., 4., 4., 0., 5., 4., 0., 6., 4.,
       0., 7., 4., 0., 8., 4., 0., 0., 5., 0., 1., 5., 0., 2., 5., 0.,
       3., 5., 0., 4., 5., 0., 5., 5., 0., 6., 5., 0., 7., 5., 0., 8.,
       5., 0., 0., 6., 0., 1., 6., 0., 2., 6., 0., 3., 6., 0., 4., 6.,
       0., 5., 6., 0., 6., 6., 0., 7., 6., 0., 8., 6., 0., 0., 7., 0.,
       1., 7., 0., 2., 7., 0., 3., 7., 0., 4., 7., 0., 5., 7., 0., 6.,
       7., 0., 7., 7., 0., 8., 7., 0., 0., 8., 0., 1., 8., 0., 2., 8.,
       0., 3., 8., 0., 4., 8., 0., 5., 8., 0., 6., 8., 0., 7., 8., 0.,
       8., 8., 0., 0., 9., 0., 1., 9., 0., 2., 9., 0., 3., 9., 0., 4.,
       9., 0., 5., 9., 0., 6., 9., 0., 7., 9., 0., 8., 9., 0., 0., 10.,
       0., 1., 10., 0., 2., 10., 0., 3., 10., 0., 4., 10., 0., 5., 10.,
       0., 6., 10., 0., 7., 10., 0., 8., 10., 0., 0., 11., 0., 1., 11.,
       0., 2., 11., 0., 3., 11., 0., 4., 11., 0., 5., 11., 0., 6., 11.,
       0., 7., 11., 0., 8., 11., 0., 0., 12., 0., 1., 12., 0., 2., 12.,
       0., 3., 12., 0., 4., 12., 0., 5., 12., 0., 6., 12., 0., 7., 12.,
       0., 8., 12., 0., 0., 13., 0., 1., 13., 0., 2., 13., 0., 3., 13.,
       0., 4., 13., 0., 5., 13., 0., 6., 13., 0., 7., 13., 0., 8., 13.,
       0. ]
   - [ 0., 0., 0., 1., 0., 0., 2., 0., 0., 3., 0., 0., 4., 0., 0., 5.,
       0., 0., 6., 0., 0., 7., 0., 0., 8., 0., 0., 0., 1., 0., 1., 1.,
       0., 2., 1., 0., 3., 1., 0., 4., 1., 0., 5., 1., 0., 6., 1., 0.,
       7., 1., 0., 8., 1., 0., 0., 2., 0., 1., 2., 0., 2., 2., 0., 3.,
       2., 0., 4., 2., 0., 5., 2., 0., 6., 2., 0., 7., 2., 0., 8., 2.,
       0., 0., 3., 0., 1., 3., 0., 2., 3., 0., 3., 3., 0., 4., 3., 0.,
       5., 3., 0., 6., 3., 0., 7., 3., 0., 8., 3., 0., 0., 4., 0., 1.,
       4., 0., 2., 4., 0., 3., 4., 0., 4., 4., 0., 5., 4., 0., 6., 4.,
       0., 7., 4., 0., 8., 4., 0., 0., 5., 0., 1., 5., 0., 2., 5., 0.,
       3., 5., 0., 4., 5., 0., 5., 5., 0., 6., 5., 0., 7., 5., 0., 8.,
       5., 0., 0., 6., 0., 1., 6., 0., 2., 6., 0., 3., 6., 0., 4., 6.,
       0., 5., 6., 0., 6., 6., 0., 7., 6., 0., 8., 6., 0., 0., 7., 0.,
       1., 7., 0., 2., 7., 0., 3., 7., 0., 4., 7., 0., 5., 7., 0., 6.,
       7., 0., 7., 7., 0., 8., 7., 0., 0., 8., 0., 1., 8., 0., 2., 8.,
       0., 3., 8., 0., 4., 8., 0., 5., 8., 0., 6., 8., 0., 7., 8., 0.,
       8., 8., 0., 0., 9., 0., 1., 9., 0., 2., 9., 0., 3., 9., 0., 4.,
       9., 0., 5., 9., 0., 6., 9., 0., 7., 9., 0., 8., 9., 0., 0., 10.,
       0., 1., 10., 0., 2., 10., 0., 3., 10., 0., 4., 10., 0., 5., 10.,
       0., 6., 10., 0., 7., 10., 0., 8., 10., 0., 0., 11., 0., 1., 11.,
       0., 2., 11., 0., 3., 11., 0., 4., 11., 0., 5., 11., 0., 6., 11.,
       0., 7., 11., 0., 8., 11., 0., 0., 12., 0., 1., 12., 0., 2., 12.,
       0., 3., 12., 0., 4., 12., 0., 5., 12., 0., 6., 12., 0., 7., 12.,
       0., 8., 12., 0., 0., 13., 0., 1., 13., 0., 2., 13., 0., 3., 13.,
       0., 4., 13., 0., 5., 13., 0., 6., 13., 0., 7., 13., 0., 8., 13.,
       0. ]
   - [ 0., 0., 0., 1., 0., 0., 2., 0., 0., 3., 0., 0., 4., 0., 0., 5.,
       0., 0., 6., 0., 0., 7., 0., 0., 8., 0., 0., 0., 1., 0., 1., 1.,
       0., 2., 1., 0., 3., 1., 0., 4., 1., 0., 5., 1., 0., 6., 1., 0.,
       7., 1., 0., 8., 1., 0., 0., 2., 0., 1., 2., 0., 2., 2., 0., 3.,
       2., 0., 4., 2., 0., 5., 2., 0., 6., 2., 0., 7., 2., 0., 8., 2.,
       0., 0., 3., 0., 1., 3., 0., 2., 3., 0., 3., 3., 0., 4., 3., 0.,
       5., 3., 0., 6., 3., 0., 7., 3., 0., 8., 3., 0., 0., 4., 0., 1.,
       4., 0., 2., 4., 0., 3., 4., 0., 4., 4., 0., 5., 4., 0., 6., 4.,
       0., 7., 4., 0., 8., 4., 0., 0., 5., 0., 1., 5., 0., 2., 5., 0.,
