%YAML:1.0
---
cameraMatrix: !!opencv-matrix
   rows: 3
   cols: 3
   dt: d
   data: [ 6.4643757767538330e+02, 0., 3.7317788677863985e+02, 0.,
       6.4872063925137127e+02, 2.5059320723070471e+02, 0., 0., 1. ]
distCoeffs: !!opencv-matrix
   rows: 1
   cols: 5
   dt: d
   data: [ -1.1261889669498808e-01, 1.5277109721758855e+00,
       -3.3082271343150426e-03, 1.6308735399412154e-02,
       -3.9130359523107821e+00 ]
R: !!opencv-matrix
   rows: 1
   cols: 1
   dt: "3d"
   data: [ 1.2996647769412974e-02, -1.8545270631393757e-01,
       -1.6172665714223413e+00 ]
T: !!opencv-matrix
   rows: 1
   cols: 1
   dt: "3d"
   data: [ -4.8778785717130253e+00, 2.6005406180194743e+00,
       1.1030920640651534e+01 ]
