%YAML:1.0
---
cameraMatrix: !!opencv-matrix
   rows: 3
   cols: 3
   dt: d
   data: [ 1.4829569957407627e+03, 0., 5.6554465685260436e+02, 0.,
       1.5044239143815134e+03, 1.4997467025209841e+02, 0., 0., 1. ]
distCoeffs: !!opencv-matrix
   rows: 1
   cols: 5
   dt: d
   data: [ -1.4865820870780996e-01, 3.2063779564241179e+00,
       -1.2296126917149727e-02, 2.5618449484014184e-02,
       -1.3315180410080742e+01 ]
R: !!opencv-matrix
   rows: 1
   cols: 1
   dt: "3d"
   data: [ -5.0139787157080541e-02, -3.3800413034759169e-01,
       -1.6170651993896068e+00 ]
T: !!opencv-matrix
   rows: 1
   cols: 1
   dt: "3d"
   data: [ -7.9077668087149977e+00, 4.3038686481293862e+00,
       2.5519675518241819e+01 ]
