%YAML:1.0
---
cameraMatrix: !!opencv-matrix
   rows: 3
   cols: 3
   dt: d
   data: [ 8.6029247348724869e+02, 0., 3.8454342376554308e+02, 0.,
       8.6431619874054184e+02, 2.2719049037532386e+02, 0., 0., 1. ]
distCoeffs: !!opencv-matrix
   rows: 1
   cols: 5
   dt: d
   data: [ -8.0422118428279205e-02, 2.6108133343365947e+00,
       -5.4047303650352338e-03, 1.1547662082569573e-02,
       -1.2246203730514726e+01 ]
R: !!opencv-matrix
   rows: 1
   cols: 1
   dt: "3d"
   data: [ -3.0673923019328003e-02, -1.9346958165766581e-01,
       -1.6154746082790219e+00 ]
T: !!opencv-matrix
   rows: 1
   cols: 1
   dt: "3d"
   data: [ -4.6852510420410711e+00, 2.9765342440257410e+00,
       1.4981630346175068e+01 ]
