%YAML:1.0
---
cameraMatrix: !!opencv-matrix
   rows: 3
   cols: 3
   dt: d
   data: [ 3.9662592437996744e+02, 0., 2.8708756799769111e+02, 0.,
       3.9330831748819941e+02, 2.2853684083277102e+02, 0., 0., 1. ]
distCoeffs: !!opencv-matrix
   rows: 1
   cols: 5
   dt: d
   data: [ 8.7304168723868092e-02, -2.3736565808056242e-01,
       -2.5265197251028754e-03, 2.8418052429068129e-03,
       2.3143831077470636e-01 ]
R: !!opencv-matrix
   rows: 1
   cols: 1
   dt: "3d"
   data: [ 6.5552567677704143e-04, -1.0621112226401024e-01,
       -1.6100713936118314e+00 ]
T: !!opencv-matrix
   rows: 1
   cols: 1
   dt: "3d"
   data: [ -3.3547865011293796e+00, 2.9959554268762063e+00,
       6.8613676925411493e+00 ]
