%YAML:1.0
---
cameraMatrix: !!opencv-matrix
   rows: 3
   cols: 3
   dt: d
   data: [ 6.6580973646625614e+02, 0., 3.6971626762078614e+02, 0.,
       6.6804052888302806e+02, 2.4265821960267039e+02, 0., 0., 1. ]
distCoeffs: !!opencv-matrix
   rows: 1
   cols: 5
   dt: d
   data: [ -1.4188563906188340e-01, 1.9566005732430771e+00,
       -3.3482279745970932e-03, 1.3519305307981375e-02,
       -5.2187669481015675e+00 ]
R: !!opencv-matrix
   rows: 1
   cols: 1
   dt: "3d"
   data: [ 5.8304210478789806e-04, -1.8155908416559335e-01,
       -1.6162859070396913e+00 ]
T: !!opencv-matrix
   rows: 1
   cols: 1
   dt: "3d"
   data: [ -4.8237625619799909e+00, 2.7431844011437208e+00,
       1.1432492369160496e+01 ]
