%YAML:1.0
---
Date: "2022.25.5--08:49:35"
Pattern: Chessboard
SizePattern: "9 x 14"
CountPair: 5
RMSE: 1.3794521057060740e+02
AverageReprojectionErr: 2.7304457504030257e+01
cameraMatrixFirst: !!opencv-matrix
   rows: 3
   cols: 3
   dt: d
   data: [ 1.5315531183999999e+03, 0., 6.2417695379999998e+02, 0.,
       1.5301458983000000e+03, 5.0203014089999999e+02, 0., 0., 1. ]
cameraMatrixSecond: !!opencv-matrix
   rows: 3
   cols: 3
   dt: d
   data: [ 1.5416465094000000e+03, 0., 6.2172347219999995e+02, 0.,
       1.5367640597000000e+03, 4.9379260230000000e+02, 0., 0., 1. ]
DistCoeffsFirst: !!opencv-matrix
   rows: 1
   cols: 5
   dt: d
   data: [ 0., 5.5381199999999998e-02, 0., 0., 3.0394349999999998e-01 ]
DistCoeffsSecond: !!opencv-matrix
   rows: 1
   cols: 5
   dt: d
   data: [ 0., 1.2843679999999999e-01, 0., 0., 8.2205899999999998e-02 ]
R: !!opencv-matrix
   rows: 3
   cols: 3
   dt: d
   data: [ 9.7084229840225078e-01, -3.2432455789987727e-02,
       2.3751498362096168e-01, 3.0995424547725067e-02,
       9.9947164698752500e-01, 9.7831756168712918e-03,
       -2.3770678427453745e-01, -2.1360429477785148e-03,
       9.7133460868558774e-01 ]
T: !!opencv-matrix
   rows: 3
   cols: 1
   dt: d
   data: [ -1.4195316545777862e-03, 1.0594738614012902e-04,
       -1.2377563399295202e-02 ]
E: !!opencv-matrix
   rows: 3
   cols: 3
   dt: d
   data: [ 3.5846341996587506e-04, 1.2370797368219085e-02,
       2.2400223930194645e-04, -1.2354094403976928e-02,
       3.9840259715550263e-04, -1.5610165438348961e-03,
       -1.4685719016256670e-04, -1.4153455068347321e-03,
       -3.9051619154198807e-05 ]
F: !!opencv-matrix
   rows: 3
   cols: 3
   dt: d
   data: [ 1.5193762906011776e-07, 5.2542162194815409e-06,
       -2.5648908575180472e-03, -5.2471220134233270e-06,
       1.6955951069406209e-07, 2.1654945800839566e-03,
       2.4223040084343696e-03, -4.2812461465290786e-03, 1. ]
R1: !!opencv-matrix
   rows: 3
   cols: 3
   dt: d
   data: [ 9.9185093223210741e-01, -2.2119648647403022e-02,
       1.2546891795984963e-01, 1.2580100130593982e-01,
       1.4316333037659916e-02, -9.9195219173041693e-01,
       2.0145379140710136e-02, 9.9965282160961788e-01,
       1.6982342217927181e-02 ]
R2: !!opencv-matrix
   rows: 3
   cols: 3
   dt: d
   data: [ 9.9344898124165470e-01, 9.8623635270457290e-03,
       -1.1385014473236059e-01, -1.1393488916078194e-01,
       8.5035819087393629e-03, -9.9345182577045066e-01,
       -8.8296490213020159e-03, 9.9991520784533616e-01,
       9.5715420794593789e-03 ]
P1: !!opencv-matrix
   rows: 3
   cols: 4
   dt: d
   data: [ 1.5365998138999998e+03, 0., 6.6712512207031250e+02, 0., 0.,
       1.5365998138999998e+03, 4.1899804687500000e+02, 0., 0., 0., 1.,
       0. ]
P2: !!opencv-matrix
   rows: 3
   cols: 4
   dt: d
   data: [ 1.5365998138999998e+03, 0., 6.6712512207031250e+02, 0., 0.,
       1.5365998138999998e+03, 4.6264331054687500e+02,
       1.9144724608203720e+01, 0., 0., 1., 0. ]
Q: !!opencv-matrix
   rows: 4
   cols: 4
   dt: d
   data: [ 1., 0., 0., -6.6712512207031250e+02, 0., 1., 0.,
       -4.1899804687500000e+02, 0., 0., 0., 1.5365998138999998e+03, 0.,
       0., -8.0262309609904264e+01, -3.5030696658379379e+03 ]
ImgSize: [ 1280, 960 ]
