%YAML:1.0
---
Date: "2022.02.6--17:12:29"
CountImg: 4
RMSE: 2.7644859962512441e-01
MeanErr: 1.7407935472950085e+00
CameraMatrix: !!opencv-matrix
   rows: 3
   cols: 3
   dt: d
   data: [ 1.1041917478308351e+04, 0., 4.8375220969501299e+02, 0.,
       1.0370853600605293e+04, 6.3941368356107478e+02, 0., 0., 1. ]
DistCoeffs: !!opencv-matrix
   rows: 1
   cols: 5
   dt: d
   data: [ -5.0103844891970502e+00, -1.7808906034382804e+02,
       -6.0894563390423470e-02, -1.4638450144409910e-03,
       -4.9520058606744460e-01 ]
R:
   - !!opencv-matrix
      rows: 3
      cols: 1
      dt: d
      data: [ -3.0939930461515810e+00, 5.8999345833719984e-02,
          5.2364950616458250e-01 ]
   - !!opencv-matrix
      rows: 3
      cols: 1
      dt: d
      data: [ -3.0816208885238114e+00, -1.8894913439517158e-02,
          -4.9913799544359505e-01 ]
   - !!opencv-matrix
      rows: 3
      cols: 1
      dt: d
      data: [ 3.0981791608022835e+00, 1.6282600375788457e-02,
          -5.4497474657029454e-01 ]
   - !!opencv-matrix
      rows: 3
      cols: 1
      dt: d
      data: [ 3.0845478419206338e+00, -2.5893755711618317e-02,
          -5.1531632642252123e-01 ]
T:
   - !!opencv-matrix
      rows: 3
      cols: 1
      dt: d
      data: [ -3.7628623381521856e-02, 1.0656877383647737e-01,
          4.2232788826021066e+00 ]
   - !!opencv-matrix
      rows: 3
      cols: 1
      dt: d
      data: [ -5.3905752292251884e-02, 2.4550999388252986e-02,
          3.9548940841878188e+00 ]
   - !!opencv-matrix
      rows: 3
      cols: 1
      dt: d
      data: [ -6.4040475367945618e-02, -4.2362103885878584e-02,
          3.8829834574585869e+00 ]
   - !!opencv-matrix
      rows: 3
      cols: 1
      dt: d
      data: [ -7.3161538444263416e-02, -9.8738214917215364e-02,
          3.8796178723787396e+00 ]
Size: [ 960, 1280 ]
objectPoints:
   - [ 2.09999997e-02, 2.09999997e-02, 0., 4.19999994e-02,
       2.09999997e-02, 0., 6.30000010e-02, 2.09999997e-02, 0.,
       8.39999989e-02, 2.09999997e-02, 0., 1.04999997e-01,
       2.09999997e-02, 0., 1.26000002e-01, 2.09999997e-02, 0.,
       1.47000000e-01, 2.09999997e-02, 0., 1.67999998e-01,
       2.09999997e-02, 0., 2.09999997e-02, 4.19999994e-02, 0.,
       4.19999994e-02, 4.19999994e-02, 0., 6.30000010e-02,
       4.19999994e-02, 0., 8.39999989e-02, 4.19999994e-02, 0.,
       1.04999997e-01, 4.19999994e-02, 0., 1.26000002e-01,
       4.19999994e-02, 0., 1.47000000e-01, 4.19999994e-02, 0.,
       1.67999998e-01, 4.19999994e-02, 0., 2.09999997e-02,
       6.30000010e-02, 0., 4.19999994e-02, 6.30000010e-02, 0.,
       6.30000010e-02, 6.30000010e-02, 0., 8.39999989e-02,
       6.30000010e-02, 0., 1.04999997e-01, 6.30000010e-02, 0.,
       1.26000002e-01, 6.30000010e-02, 0., 1.47000000e-01,
       6.30000010e-02, 0., 1.67999998e-01, 6.30000010e-02, 0.,
       2.09999997e-02, 8.39999989e-02, 0., 4.19999994e-02,
       8.39999989e-02, 0., 6.30000010e-02, 8.39999989e-02, 0.,
       8.39999989e-02, 8.39999989e-02, 0., 1.04999997e-01,
       8.39999989e-02, 0., 1.26000002e-01, 8.39999989e-02, 0.,
       1.47000000e-01, 8.39999989e-02, 0., 1.67999998e-01,
       8.39999989e-02, 0., 2.09999997e-02, 1.04999997e-01, 0.,
       4.19999994e-02, 1.04999997e-01, 0., 6.30000010e-02,
       1.04999997e-01, 0., 8.39999989e-02, 1.04999997e-01, 0.,
       1.04999997e-01, 1.04999997e-01, 0., 1.26000002e-01,
       1.04999997e-01, 0., 1.47000000e-01, 1.04999997e-01, 0.,
       1.67999998e-01, 1.04999997e-01, 0. ]
   - [ 2.09999997e-02, 2.09999997e-02, 0., 4.19999994e-02,
       2.09999997e-02, 0., 6.30000010e-02, 2.09999997e-02, 0.,
       8.39999989e-02, 2.09999997e-02, 0., 1.04999997e-01,
       2.09999997e-02, 0., 1.26000002e-01, 2.09999997e-02, 0.,
       1.47000000e-01, 2.09999997e-02, 0., 1.67999998e-01,
       2.09999997e-02, 0., 2.09999997e-02, 4.19999994e-02, 0.,
       4.19999994e-02, 4.19999994e-02, 0., 6.30000010e-02,
       4.19999994e-02, 0., 8.39999989e-02, 4.19999994e-02, 0.,
       1.04999997e-01, 4.19999994e-02, 0., 1.26000002e-01,
       4.19999994e-02, 0., 1.47000000e-01, 4.19999994e-02, 0.,
       1.67999998e-01, 4.19999994e-02, 0., 2.09999997e-02,
       6.30000010e-02, 0., 4.19999994e-02, 6.30000010e-02, 0.,
       6.30000010e-02, 6.30000010e-02, 0., 8.39999989e-02,
       6.30000010e-02, 0., 1.04999997e-01, 6.30000010e-02, 0.,
       1.26000002e-01, 6.30000010e-02, 0., 1.47000000e-01,
       6.30000010e-02, 0., 1.67999998e-01, 6.30000010e-02, 0.,
       2.09999997e-02, 8.39999989e-02, 0., 4.19999994e-02,
       8.39999989e-02, 0., 6.30000010e-02, 8.39999989e-02, 0.,
       8.39999989e-02, 8.39999989e-02, 0., 1.04999997e-01,
       8.39999989e-02, 0., 1.26000002e-01, 8.39999989e-02, 0.,
       1.47000000e-01, 8.39999989e-02, 0., 1.67999998e-01,
       8.39999989e-02, 0., 2.09999997e-02, 1.04999997e-01, 0.,
       4.19999994e-02, 1.04999997e-01, 0., 6.30000010e-02,
       1.04999997e-01, 0., 8.39999989e-02, 1.04999997e-01, 0.,
       1.04999997e-01, 1.04999997e-01, 0., 1.26000002e-01,
       1.04999997e-01, 0., 1.47000000e-01, 1.04999997e-01, 0.,
       1.67999998e-01, 1.04999997e-01, 0. ]
   - [ 2.09999997e-02, 2.09999997e-02, 0., 4.19999994e-02,
       2.09999997e-02, 0., 6.30000010e-02, 2.09999997e-02, 0.,
       8.39999989e-02, 2.09999997e-02, 0., 1.04999997e-01,
       2.09999997e-02, 0., 1.26000002e-01, 2.09999997e-02, 0.,
       1.47000000e-01, 2.09999997e-02, 0., 1.67999998e-01,
       2.09999997e-02, 0., 2.09999997e-02, 4.19999994e-02, 0.,
       4.19999994e-02, 4.19999994e-02, 0., 6.30000010e-02,
       4.19999994e-02, 0., 8.39999989e-02, 4.19999994e-02, 0.,
       1.04999997e-01, 4.19999994e-02, 0., 1.26000002e-01,
       4.19999994e-02, 0., 1.47000000e-01, 4.19999994e-02, 0.,
       1.67999998e-01, 4.19999994e-02, 0., 2.09999997e-02,
       6.30000010e-02, 0., 4.19999994e-02, 6.30000010e-02, 0.,
       6.30000010e-02, 6.30000010e-02, 0., 8.39999989e-02,
       6.30000010e-02, 0., 1.04999997e-01, 6.30000010e-02, 0.,
       1.26000002e-01, 6.30000010e-02, 0., 1.47000000e-01,
       6.30000010e-02, 0., 1.67999998e-01, 6.30000010e-02, 0.,
       2.09999997e-02, 8.39999989e-02, 0., 4.19999994e-02,
       8.39999989e-02, 0., 6.30000010e-02, 8.39999989e-02, 0.,
       8.39999989e-02, 8.39999989e-02, 0., 1.04999997e-01,
       8.39999989e-02, 0., 1.26000002e-01, 8.39999989e-02, 0.,
       1.47000000e-01, 8.39999989e-02, 0., 1.67999998e-01,
       8.39999989e-02, 0., 2.09999997e-02, 1.04999997e-01, 0.,
       4.19999994e-02, 1.04999997e-01, 0., 6.30000010e-02,
       1.04999997e-01, 0., 8.39999989e-02, 1.04999997e-01, 0.,
       1.04999997e-01, 1.04999997e-01, 0., 1.26000002e-01,
       1.04999997e-01, 0., 1.47000000e-01, 1.04999997e-01, 0.,
       1.67999998e-01, 1.04999997e-01, 0. ]
   - [ 2.09999997e-02, 2.09999997e-02, 0., 4.19999994e-02,
       2.09999997e-02, 0., 6.30000010e-02, 2.09999997e-02, 0.,
       8.39999989e-02, 2.09999997e-02, 0., 1.04999997e-01,
       2.09999997e-02, 0., 1.26000002e-01, 2.09999997e-02, 0.,
       1.47000000e-01, 2.09999997e-02, 0., 1.67999998e-01,
       2.09999997e-02, 0., 2.09999997e-02, 4.19999994e-02, 0.,
       4.19999994e-02, 4.19999994e-02, 0., 6.30000010e-02,
       4.19999994e-02, 0., 8.39999989e-02, 4.19999994e-02, 0.,
       1.04999997e-01, 4.19999994e-02, 0., 1.26000002e-01,
       4.19999994e-02, 0., 1.47000000e-01, 4.19999994e-02, 0.,
       1.67999998e-01, 4.19999994e-02, 0., 2.09999997e-02,
       6.30000010e-02, 0., 4.19999994e-02, 6.30000010e-02, 0.,
       6.30000010e-02, 6.30000010e-02, 0., 8.39999989e-02,
       6.30000010e-02, 0., 1.04999997e-01, 6.30000010e-02, 0.,
       1.26000002e-01, 6.30000010e-02, 0., 1.47000000e-01,
       6.30000010e-02, 0., 1.67999998e-01, 6.30000010e-02, 0.,
       2.09999997e-02, 8.39999989e-02, 0., 4.19999994e-02,
       8.39999989e-02, 0., 6.30000010e-02, 8.39999989e-02, 0.,
       8.39999989e-02, 8.39999989e-02, 0., 1.04999997e-01,
       8.39999989e-02, 0., 1.26000002e-01, 8.39999989e-02, 0.,
