%YAML:1.0
---
Date: "2021.25.11--20:44:02"
Pattern: Chessboard
SizePattern: "5 x 8"
CountImg: 95
RMSE: 2.6362832696835597e-01
CameraMatrix: !!opencv-matrix
   rows: 3
   cols: 3
   dt: d
   data: [ 5.9863560826845787e+02, 0., 3.1945580909763635e+02, 0.,
       5.9675999262556036e+02, 2.3764435545180442e+02, 0., 0., 1. ]
DistCoeffs: !!opencv-matrix
   rows: 1
   cols: 5
   dt: d
   data: [ 3.8997960433110483e-02, -6.4133969682028322e-02,
       -1.2783070509678786e-03, -8.8156217070895393e-04,
       1.8606871788254342e-01 ]
R:
   - !!opencv-matrix
      rows: 3
      cols: 1
      dt: d
      data: [ 1.0797200591800839e-01, -6.7415467386969172e-02,
          -1.5008596584904268e+00 ]
   - !!opencv-matrix
      rows: 3
      cols: 1
      dt: d
      data: [ -2.9703515792741077e-02, -5.8487757316308474e-02,
          -1.3330029298542256e+00 ]
   - !!opencv-matrix
      rows: 3
      cols: 1
      dt: d
      data: [ 2.9140408706843399e-02, -4.7075863002666703e-02,
          -1.8529087452444897e+00 ]
   - !!opencv-matrix
      rows: 3
      cols: 1
      dt: d
      data: [ -1.9027225434775785e-01, 7.0913805703655436e-02,
          -1.3864016235384191e+00 ]
   - !!opencv-matrix
      rows: 3
      cols: 1
      dt: d
      data: [ -2.3929782495148219e-01, -1.3336960013581617e-01,
          -1.4608374213998137e+00 ]
   - !!opencv-matrix
      rows: 3
      cols: 1
      dt: d
      data: [ 5.2487772181221387e-02, 3.2872734544996458e-02,
          -1.3507654048300395e+00 ]
   - !!opencv-matrix
      rows: 3
      cols: 1
      dt: d
      data: [ -1.1865862182760767e-01, -9.9662238596486305e-02,
          -1.3795535945356636e+00 ]
   - !!opencv-matrix
      rows: 3
      cols: 1
      dt: d
      data: [ -3.6400400946141574e-02, -4.3736255907720858e-02,
          -1.0374809929843185e+00 ]
   - !!opencv-matrix
      rows: 3
      cols: 1
      dt: d
      data: [ -2.9181194122257448e-02, -6.5943882749581309e-02,
          -1.4785235133078687e+00 ]
   - !!opencv-matrix
      rows: 3
      cols: 1
      dt: d
      data: [ 3.9375479658411488e-03, -4.0457201310158376e-02,
          -1.5218791301973518e+00 ]
   - !!opencv-matrix
      rows: 3
      cols: 1
      dt: d
      data: [ -2.2795111742798253e-02, -6.3379968441297660e-02,
          -1.4164208104647251e+00 ]
   - !!opencv-matrix
      rows: 3
      cols: 1
      dt: d
      data: [ 3.3768094078665746e-02, 4.0989251900536511e-02,
          -1.4550901574935204e+00 ]
   - !!opencv-matrix
      rows: 3
      cols: 1
      dt: d
      data: [ 2.8737747961923671e-01, -2.9642783302329107e-01,
          -1.2965201132179764e+00 ]
   - !!opencv-matrix
      rows: 3
      cols: 1
      dt: d
      data: [ 1.8027784445426467e-01, -2.1255481671663015e-01,
          -1.5899621113812896e+00 ]
   - !!opencv-matrix
      rows: 3
      cols: 1
      dt: d
      data: [ -2.1229719978094105e-01, -1.7553602055528081e-01,
          -1.6115912639869878e+00 ]
   - !!opencv-matrix
      rows: 3
      cols: 1
      dt: d
      data: [ -7.7977958062183536e-02, 4.0199539045358994e-02,
          -1.7933933994566020e+00 ]
   - !!opencv-matrix
      rows: 3
      cols: 1
      dt: d
      data: [ -1.3578407432294745e-01, -1.4668866069916767e-01,
          -1.8082049549774233e+00 ]
   - !!opencv-matrix
      rows: 3
      cols: 1
      dt: d
      data: [ -1.3469283274330432e-01, 5.4791195792400695e-02,
          -1.6298044876396893e+00 ]
   - !!opencv-matrix
      rows: 3
      cols: 1
      dt: d
      data: [ -9.6439331717059415e-02, -1.2270902895561656e-01,
          -2.0355340766121617e+00 ]
   - !!opencv-matrix
      rows: 3
      cols: 1
      dt: d
      data: [ -1.2609848497553569e-01, 6.9301836570211994e-02,
          -1.2052217533331506e+00 ]
   - !!opencv-matrix
      rows: 3
      cols: 1
      dt: d
      data: [ 2.6265821351328422e-01, -2.9551287256571057e-01,
          -1.2923881409250462e+00 ]
   - !!opencv-matrix
      rows: 3
      cols: 1
      dt: d
      data: [ 1.7918153349458779e-01, -2.1422907284209231e-01,
          -1.5894426379643969e+00 ]
   - !!opencv-matrix
      rows: 3
      cols: 1
      dt: d
      data: [ 5.7234909104582607e-02, -6.3267347470758059e-02,
          -1.4351015933215459e+00 ]
   - !!opencv-matrix
      rows: 3
      cols: 1
      dt: d
      data: [ 1.4405725549969373e-01, -1.6276553337386043e-01,
          -1.6498377725273508e+00 ]
   - !!opencv-matrix
      rows: 3
      cols: 1
      dt: d
      data: [ -7.1967074992001959e-02, -7.0701644965817073e-02,
          -1.9065901133060073e+00 ]
   - !!opencv-matrix
      rows: 3
      cols: 1
      dt: d
      data: [ -1.5660752195130280e-02, -7.0010156598192846e-02,
          -1.6347999777667943e+00 ]
   - !!opencv-matrix
      rows: 3
      cols: 1
      dt: d
      data: [ -1.3739632661552693e-02, -6.8181488680992178e-02,
          -1.7245930506102485e+00 ]
   - !!opencv-matrix
      rows: 3
      cols: 1
      dt: d
      data: [ -4.8445331735102432e-02, -4.5575813766636705e-02,
          -1.9297777231319337e+00 ]
   - !!opencv-matrix
      rows: 3
      cols: 1
      dt: d
      data: [ 6.9709679493719159e-02, -1.3101231840845573e-01,
          -1.5303638213561708e+00 ]
   - !!opencv-matrix
      rows: 3
      cols: 1
      dt: d
      data: [ -2.4261819796307083e-02, -8.5685311708437309e-02,
          -1.6224630537353748e+00 ]
   - !!opencv-matrix
      rows: 3
      cols: 1
      dt: d
      data: [ 5.8321760860149299e-02, 1.1951928357841422e-01,
          -1.5241540285480326e+00 ]
   - !!opencv-matrix
      rows: 3
      cols: 1
      dt: d
      data: [ -6.3165943143986977e-02, 2.4951710077165398e-01,
          -1.5093954983477622e+00 ]
   - !!opencv-matrix
      rows: 3
      cols: 1
      dt: d
      data: [ -3.6411846318680086e-01, -6.4881128317261685e-02,
          -1.6568383125625270e+00 ]
   - !!opencv-matrix
      rows: 3
      cols: 1
      dt: d
      data: [ -1.6178933074296339e-02, -6.3772454813217860e-02,
          -1.6191522380654548e+00 ]
   - !!opencv-matrix
      rows: 3
      cols: 1
      dt: d
      data: [ 7.4557650997163299e-02, 9.0228045391505751e-02,
          -1.0247434533199951e+00 ]
   - !!opencv-matrix
      rows: 3
      cols: 1
      dt: d
      data: [ -1.5814570879978751e-01, 1.9813776222412507e-02,
          -1.5792054550079078e+00 ]
   - !!opencv-matrix
      rows: 3
      cols: 1
      dt: d
      data: [ 6.1023431636903047e-02, 1.0948177481095558e-01,
          -1.3343270122566171e+00 ]
   - !!opencv-matrix
      rows: 3
      cols: 1
      dt: d
      data: [ 1.7414728741249977e-01, 2.2181843549479571e-01,
          -1.7364569794621101e+00 ]
   - !!opencv-matrix
      rows: 3
      cols: 1
      dt: d
      data: [ 1.9374492800571816e-01, 2.4040441007934868e-01,
          -1.7015761579018429e+00 ]
   - !!opencv-matrix
      rows: 3
      cols: 1
      dt: d
      data: [ -1.3159332550521552e-01, 1.2661524622362219e-01,
          -1.4459320542278737e+00 ]
   - !!opencv-matrix
      rows: 3
      cols: 1
      dt: d
      data: [ -4.0843879326901211e-01, -1.0113541728346107e-01,
          -1.4616713251615243e+00 ]
   - !!opencv-matrix
      rows: 3
      cols: 1
      dt: d
      data: [ -6.4568594936326731e-02, 2.3655873658093927e-02,
          -1.8339880791480248e+00 ]
   - !!opencv-matrix
      rows: 3
      cols: 1
      dt: d
      data: [ -4.3311891976719241e-01, 2.1964059969388976e-02,
          -1.3123790087777125e+00 ]
   - !!opencv-matrix
      rows: 3
      cols: 1
      dt: d
      data: [ -9.2794526424422624e-02, 9.5879451070885385e-02,
          -1.3732012697757638e+00 ]
   - !!opencv-matrix
      rows: 3
      cols: 1
      dt: d
      data: [ 2.8602733896435254e-02, -2.7940918576824916e-02,
          -1.6280359294314228e+00 ]
   - !!opencv-matrix
      rows: 3
      cols: 1
      dt: d
      data: [ -5.5212511474905038e-02, 3.2835384945775904e-02,
          -1.2344278751151134e+00 ]
   - !!opencv-matrix
      rows: 3
      cols: 1
      dt: d
