%YAML:1.0
---
Date: "2022.25.5--08:55:35"
Pattern: Chessboard
SizePattern: "9 x 14"
CountPair: 5
RMSE: 1.3792597844907718e+02
AverageReprojectionErr: 2.7334760531168136e+01
cameraMatrixFirst: !!opencv-matrix
   rows: 3
   cols: 3
   dt: d
   data: [ 1.5366035864999999e+03, 0., 6.2845606759999998e+02, 0.,
       1.5343612129999999e+03, 4.9846314669999998e+02, 0., 0., 1. ]
cameraMatrixSecond: !!opencv-matrix
   rows: 3
   cols: 3
   dt: d
   data: [ 1.5444474058999999e+03, 0., 6.2190234380000004e+02, 0.,
       1.5397726445000001e+03, 4.9458625640000002e+02, 0., 0., 1. ]
DistCoeffsFirst: !!opencv-matrix
   rows: 1
   cols: 5
   dt: d
   data: [ 0., 1.7116280000000000e-01, 0., 0., 0. ]
DistCoeffsSecond: !!opencv-matrix
   rows: 1
   cols: 5
   dt: d
   data: [ 0., 1.2481730000000001e-01, 0., 0., 8.5997000000000004e-02 ]
R: !!opencv-matrix
   rows: 3
   cols: 3
   dt: d
   data: [ 9.6997669084646387e-01, -3.2478602633904619e-02,
       2.4101941744492783e-01, 3.0429701016447194e-02,
       9.9946221908470156e-01, 1.2219080093597644e-02,
       -2.4128666044892139e-01, -4.5180740623683236e-03,
       9.7044337006142400e-01 ]
T: !!opencv-matrix
   rows: 3
   cols: 1
   dt: d
   data: [ -1.5967307974741475e-03, 1.6398092435263289e-04,
       -1.3188633066228406e-02 ]
E: !!opencv-matrix
   rows: 3
   cols: 3
   dt: d
   data: [ 3.6175975140658562e-04, 1.3180799593105473e-02,
       3.2028716461587165e-04, -1.3177936500126962e-02,
       4.2113422464175483e-04, -1.6291798423356059e-03,
       -2.0764571513640280e-04, -1.5905462348428071e-03,
       -5.9033168361803003e-05 ]
F: !!opencv-matrix
   rows: 3
   cols: 3
   dt: d
   data: [ 1.4749351664885231e-07, 5.3818138483363069e-06,
       -2.5746721784247026e-03, -5.3891046642503581e-06,
       1.7247413512813306e-07, 2.2770789958630718e-03,
       2.4428984048964252e-03, -4.4352784623608553e-03, 1. ]
R1: !!opencv-matrix
   rows: 3
   cols: 3
   dt: d
   data: [ 9.9225383171896764e-01, -1.7660722879958988e-02,
       1.2296516704491525e-01, 1.2332120774801712e-01,
       2.0724113359366254e-02, -9.9215038721205895e-01,
       1.4973748982703948e-02, 9.9962923626353850e-01,
       2.2741522565068995e-02 ]
R2: !!opencv-matrix
   rows: 3
   cols: 3
   dt: d
   data: [ 9.9267367669831774e-01, 1.4045283376232925e-02,
       -1.2000708981191541e-01, -1.2018190158373775e-01,
       1.2342430761236377e-02, -9.9267516083289842e-01,
       -1.2461224737584613e-02, 9.9982518192821357e-01,
       1.3939994987589065e-02 ]
P1: !!opencv-matrix
   rows: 3
   cols: 4
   dt: d
   data: [ 1.5405254961999999e+03, 0., 6.5356861877441406e+02, 0., 0.,
       1.5405254961999999e+03, 2.7835607910156250e+02, 0., 0., 0., 1.,
       0. ]
P2: !!opencv-matrix
   rows: 3
   cols: 4
   dt: d
   data: [ 1.5405254961999999e+03, 0., 6.5356861877441406e+02, 0., 0.,
       1.5405254961999999e+03, 3.9603820800781250e+02,
       2.0467345512608595e+01, 0., 0., 1., 0. ]
Q: !!opencv-matrix
   rows: 4
   cols: 4
   dt: d
   data: [ 1., 0., 0., -6.5356861877441406e+02, 0., 1., 0.,
       -2.7835607910156250e+02, 0., 0., 0., 1.5405254961999999e+03, 0.,
       0., -7.5267478884889229e+01, -8.8576371525799841e+03 ]
ImgSize: [ 1280, 960 ]
