%YAML:1.0
---
FirstCameraName: Basler daA1280-54um (22503356)
FirstCameraIndex: 1
SecondCameraName: Basler daA1280-54um (22503357)
SecondCameraIndex: 0
Exposure: 4000.
Gain: 1.
Pattern: Circles
Row: 6
Col: 9
CheckerSize: 2.1000000000000001e-02
MarkerSize: 0.
DictionaryName: NULL
isWebCamera: 0
isBaslerCamera: 1
SettingCalibration:
   isUseParametr: 0
   isFixedFocal: 0
   isFixedAspectRatio: 0
   isFixedPrincipalPoint: 0
   isfixedK1: 0
   isfixedK2: 0
   isfixedK3: 0
   isfixedK4: 0
   iszeroTangent: 0
   isCaibration: 0
   isStereoCaibration: 1
   numCamera: 1
   cameraModel: 0
   fx: 1.7683358837999999e+03
   fy: 1.7665055883000000e+03
   cx: 5.7920486800000003e+02
   cy: 5.0353253500000000e+02
   k1: -8.2058800000000001e-02
   k2: 5.7470889999999997e-01
   k3: -6.8935931000000004e+00
   k4: 0.
   isSameFocalLengStereo: 0
   isfixAspectRatioStereo: 0
   isfixFocalLengthStereo: 0
   isfixPrincipalPointStereo: 0
   isUseSingleCalibratedInStereo: 0
   iszeroTangentS: 0
   isfixedK1S: 0
   isfixedK2S: 0
   isfixedK3S: 0
   fx1: 1.7683358837999999e+03
   fy1: 1.7665055883000000e+03
   fx2: 2.2051261712999999e+03
   fy2: 2.2019195206999998e+03
   cx1: 5.7920486800000003e+02
   cy1: 5.0353253500000000e+02
   cx1: 5.7920486800000003e+02
   cx2: 5.8482524920000003e+02
   cy2: 4.8408425879999999e+02
   k1S1: -8.2058800000000001e-02
   k2S1: 5.7470889999999997e-01
   k3S1: -6.8935931000000004e+00
   k1S2: -1.7872389999999999e-01
   k2S2: 1.1486356000000000e+00
   k3S2: -3.2744719000000000e+00
ImageInfoCamera1:
   -
      isActive: 1
      isCalib: 1
      cameraPath: "D:/PRoG/Git-repos/Camera-calibration-With-OpenCV/DiplomTest/Circle/Camera1/Accumulated/1.png"
      drawPath: NONE
      undistortedPath: "D:/PRoG/Git-repos/Camera-calibration-With-OpenCV/DiplomTest/Circle/Camera1/Undistorted/1.png"
      state: Succes
      err: 1.2707853501591566e+00
      imgpoint:
         - [ 3.1184002685546875e+02, 3.3890594482421875e+02 ]
         - [ 3.7415582275390625e+02, 3.3597015380859375e+02 ]
         - [ 4.3688238525390625e+02, 3.3306094360351562e+02 ]
         - [ 4.9994082641601562e+02, 3.3019470214843750e+02 ]
         - [ 5.6339019775390625e+02, 3.2744485473632812e+02 ]
         - [ 6.2721185302734375e+02, 3.2468121337890625e+02 ]
         - [ 6.9151696777343750e+02, 3.2201358032226562e+02 ]
         - [ 7.5632885742187500e+02, 3.1934481811523438e+02 ]
         - [ 8.2144531250000000e+02, 3.1676376342773438e+02 ]
         - [ 3.1366891479492188e+02, 4.0200088500976562e+02 ]
         - [ 3.7604147338867188e+02, 3.9933337402343750e+02 ]
         - [ 4.3893759155273438e+02, 3.9669201660156250e+02 ]
         - [ 5.0205108642578125e+02, 3.9403451538085938e+02 ]
         - [ 5.6561206054687500e+02, 3.9145303344726562e+02 ]
         - [ 6.2946032714843750e+02, 3.8887503051757812e+02 ]
         - [ 6.9384545898437500e+02, 3.8633639526367188e+02 ]
         - [ 7.5871014404296875e+02, 3.8379391479492188e+02 ]
         - [ 8.2390313720703125e+02, 3.8126013183593750e+02 ]
         - [ 3.1558679199218750e+02, 4.6508123779296875e+02 ]
         - [ 3.7801556396484375e+02, 4.6268502807617188e+02 ]
         - [ 4.4100177001953125e+02, 4.6027194213867188e+02 ]
         - [ 5.0426571655273438e+02, 4.5785031127929688e+02 ]
         - [ 5.6778118896484375e+02, 4.5542572021484375e+02 ]
         - [ 6.3169665527343750e+02, 4.5304959106445312e+02 ]
         - [ 6.9613519287109375e+02, 4.5064382934570312e+02 ]
         - [ 7.6103411865234375e+02, 4.4821813964843750e+02 ]
         - [ 8.2632836914062500e+02, 4.4581005859375000e+02 ]
         - [ 3.1756011962890625e+02, 5.2816119384765625e+02 ]
         - [ 3.8011761474609375e+02, 5.2610858154296875e+02 ]
         - [ 4.4311795043945312e+02, 5.2401531982421875e+02 ]
         - [ 5.0635845947265625e+02, 5.2179797363281250e+02 ]
         - [ 5.6995794677734375e+02, 5.1953344726562500e+02 ]
         - [ 6.3394079589843750e+02, 5.1731201171875000e+02 ]
         - [ 6.9835858154296875e+02, 5.1508050537109375e+02 ]
         - [ 7.6333093261718750e+02, 5.1276531982421875e+02 ]
         - [ 8.2861999511718750e+02, 5.1049731445312500e+02 ]
         - [ 3.1947225952148438e+02, 5.9152386474609375e+02 ]
         - [ 3.8213616943359375e+02, 5.8959625244140625e+02 ]
         - [ 4.4516702270507812e+02, 5.8767468261718750e+02 ]
         - [ 5.0847583007812500e+02, 5.8565472412109375e+02 ]
         - [ 5.7205242919921875e+02, 5.8362481689453125e+02 ]
         - [ 6.3607714843750000e+02, 5.8156542968750000e+02 ]
         - [ 7.0056512451171875e+02, 5.7953344726562500e+02 ]
         - [ 7.6558892822265625e+02, 5.7738208007812500e+02 ]
         - [ 8.3084216308593750e+02, 5.7521746826171875e+02 ]
         - [ 3.2162942504882812e+02, 6.5480493164062500e+02 ]
         - [ 3.8420709228515625e+02, 6.5315777587890625e+02 ]
         - [ 4.4728396606445312e+02, 6.5146643066406250e+02 ]
         - [ 5.1058166503906250e+02, 6.4967504882812500e+02 ]
         - [ 5.7425048828125000e+02, 6.4786773681640625e+02 ]
         - [ 6.3824798583984375e+02, 6.4594543457031250e+02 ]
         - [ 7.0275604248046875e+02, 6.4404187011718750e+02 ]
         - [ 7.6776477050781250e+02, 6.4205114746093750e+02 ]
         - [ 8.3310540771484375e+02, 6.3999230957031250e+02 ]
      reprojectPoint:
         - [ 3.1185968017578125e+02, 3.3890750122070312e+02 ]
         - [ 3.7404653930664062e+02, 3.3608285522460938e+02 ]
         - [ 4.3671585083007812e+02, 3.3326754760742188e+02 ]
         - [ 4.9984286499023438e+02, 3.3046359252929688e+02 ]
         - [ 5.6340118408203125e+02, 3.2767514038085938e+02 ]
         - [ 6.2736016845703125e+02, 3.2490554809570312e+02 ]
         - [ 6.9168756103515625e+02, 3.2215585327148438e+02 ]
         - [ 7.5635278320312500e+02, 3.1942544555664062e+02 ]
         - [ 8.2132635498046875e+02, 3.1671469116210938e+02 ]
         - [ 3.1373004150390625e+02, 4.0188479614257812e+02 ]
         - [ 3.7598165893554688e+02, 3.9928106689453125e+02 ]
         - [ 4.3871588134765625e+02, 3.9667687988281250e+02 ]
         - [ 5.0191094970703125e+02, 3.9407510375976562e+02 ]
         - [ 5.6554028320312500e+02, 3.9147967529296875e+02 ]
         - [ 6.2957135009765625e+02, 3.8889361572265625e+02 ]
         - [ 6.9396936035156250e+02, 3.8631793212890625e+02 ]
         - [ 7.5870275878906250e+02, 3.8375189208984375e+02 ]
         - [ 8.2374438476562500e+02, 3.8119467163085938e+02 ]
         - [ 3.1566412353515625e+02, 4.6499203491210938e+02 ]
         - [ 3.7796987915039062e+02, 4.6261154174804688e+02 ]
         - [ 4.4075939941406250e+02, 4.6022244262695312e+02 ]
         - [ 5.0401226806640625e+02, 4.5782675170898438e+02 ]
         - [ 5.6770153808593750e+02, 4.5542691040039062e+02 ]
         - [ 6.3179302978515625e+02, 4.5302508544921875e+02 ]
         - [ 6.9625054931640625e+02, 4.5062249755859375e+02 ]
         - [ 7.6104156494140625e+02, 4.4821926879882812e+02 ]
         - [ 8.2613970947265625e+02, 4.4581530761718750e+02 ]
         - [ 3.1766134643554688e+02, 5.2819726562500000e+02 ]
         - [ 3.8001239013671875e+02, 5.2604223632812500e+02 ]
         - [ 4.4284783935546875e+02, 5.2387103271484375e+02 ]
         - [ 5.0614739990234375e+02, 5.2168402099609375e+02 ]
         - [ 5.6988391113281250e+02, 5.1948162841796875e+02 ]
         - [ 6.3402294921875000e+02, 5.1726489257812500e+02 ]
         - [ 6.9852770996093750e+02, 5.1503515625000000e+02 ]
         - [ 7.6336553955078125e+02, 5.1279400634765625e+02 ]
         - [ 8.2851019287109375e+02, 5.1054275512695312e+02 ]
         - [ 3.1972100830078125e+02, 5.9146807861328125e+02 ]
         - [ 3.8210882568359375e+02, 5.8953894042968750e+02 ]
         - [ 4.4498068237304688e+02, 5.8758593750000000e+02 ]
         - [ 5.0831549072265625e+02, 5.8560791015625000e+02 ]
         - [ 5.7208624267578125e+02, 5.8360363769531250e+02 ]
         - [ 6.3625927734375000e+02, 5.8157299804687500e+02 ]
         - [ 7.0079870605468750e+02, 5.7951739501953125e+02 ]
         - [ 7.6567254638671875e+02, 5.7743957519531250e+02 ]
