%YAML:1.0
---
Date: "2022.24.5--18:55:52"
CountImg: 14
RMSE: 1.1041252854757756e-01
MeanErr: 6.9649915194034173e-01
CameraMatrix: !!opencv-matrix
   rows: 3
   cols: 3
   dt: d
   data: [ 8.4157467100014014e+02, 0., 3.4121867975429876e+02, 0.,
       8.3945552722814568e+02, 2.4081990473826804e+02, 0., 0., 1. ]
DistCoeffs: !!opencv-matrix
   rows: 1
   cols: 5
   dt: d
   data: [ -1.7496218775323241e-02, 1.8970841609925564e+00,
       -8.5953465491676821e-03, 6.9938653615395007e-03,
       -6.6359220489273794e+00 ]
R:
   - !!opencv-matrix
      rows: 3
      cols: 1
      dt: d
      data: [ -1.0140092706609767e-01, 1.2371951393787120e-01,
          1.5872303640778691e+00 ]
   - !!opencv-matrix
      rows: 3
      cols: 1
      dt: d
      data: [ -6.8867738216032107e-02, 2.0211667894997670e-01,
          1.5280401092402984e+00 ]
   - !!opencv-matrix
      rows: 3
      cols: 1
      dt: d
      data: [ -1.3295357957432191e-01, 1.4708751289019473e-01,
          1.5438507469543465e+00 ]
   - !!opencv-matrix
      rows: 3
      cols: 1
      dt: d
      data: [ -1.1424575085778210e-01, 8.0653721841063508e-02,
          1.4931535810638570e+00 ]
   - !!opencv-matrix
      rows: 3
      cols: 1
      dt: d
      data: [ -4.6443047717663617e-02, 1.0262924956756306e-02,
          1.5261659394285438e+00 ]
   - !!opencv-matrix
      rows: 3
      cols: 1
      dt: d
      data: [ -6.8973791782659952e-03, -2.0857275690992830e-02,
          1.5639087671864618e+00 ]
   - !!opencv-matrix
      rows: 3
      cols: 1
      dt: d
      data: [ -2.7437817522038388e-02, -9.2464285762355783e-02,
          1.5538121322195970e+00 ]
   - !!opencv-matrix
      rows: 3
      cols: 1
      dt: d
      data: [ 3.0393354181353444e-01, 5.4853836523308974e-01,
          1.4933669862807968e+00 ]
   - !!opencv-matrix
      rows: 3
      cols: 1
      dt: d
      data: [ -4.5320717157582324e-01, -2.0747534999857611e-01,
          1.5272809533967686e+00 ]
   - !!opencv-matrix
      rows: 3
      cols: 1
      dt: d
      data: [ -2.4018526485743083e-01, -4.7768924818069339e-02,
          1.4811003302163845e+00 ]
   - !!opencv-matrix
      rows: 3
      cols: 1
      dt: d
      data: [ -2.2070824882675832e-01, 7.5161915038119587e-02,
          1.4980281733021148e+00 ]
   - !!opencv-matrix
      rows: 3
      cols: 1
      dt: d
      data: [ -4.3785483933161595e-01, -2.0449039606558087e-01,
          1.4994560609473020e+00 ]
   - !!opencv-matrix
      rows: 3
      cols: 1
      dt: d
      data: [ -5.8230557169080033e-01, 1.7352887111487608e-01,
          1.4440570708253231e+00 ]
   - !!opencv-matrix
      rows: 3
      cols: 1
      dt: d
      data: [ -1.6705650686158977e-01, 2.5744782459556614e-01,
          1.3762421164548380e+00 ]
T:
   - !!opencv-matrix
      rows: 3
      cols: 1
      dt: d
      data: [ 1.9017618203444226e+00, 9.7171977084625827e-01,
          2.8493154456285037e+01 ]
   - !!opencv-matrix
      rows: 3
      cols: 1
      dt: d
      data: [ 1.4299581269293806e+00, -2.5450555930113250e+00,
          2.8273240337995233e+01 ]
   - !!opencv-matrix
      rows: 3
      cols: 1
      dt: d
      data: [ 1.7519996931399868e+00, -5.8733576082520411e+00,
          2.8390015158013778e+01 ]
   - !!opencv-matrix
      rows: 3
      cols: 1
      dt: d
      data: [ 5.0142809759170772e+00, -5.7428469939707343e+00,
          2.7769481870854023e+01 ]
   - !!opencv-matrix
      rows: 3
      cols: 1
      dt: d
      data: [ 8.1167079727673155e+00, -6.2673739401699775e+00,
          2.7780515286402380e+01 ]
   - !!opencv-matrix
      rows: 3
      cols: 1
      dt: d
      data: [ 8.4517198035907288e+00, -2.7139376291874986e+00,
          2.8166793833407052e+01 ]
   - !!opencv-matrix
      rows: 3
      cols: 1
      dt: d
      data: [ 8.9664534853270723e+00, 3.1387526869067850e+00,
          3.0245149770142724e+01 ]
   - !!opencv-matrix
      rows: 3
      cols: 1
      dt: d
      data: [ 7.0864937143756181e+00, 2.7461098920699711e-01,
          3.0191733202962052e+01 ]
   - !!opencv-matrix
      rows: 3
      cols: 1
      dt: d
      data: [ 1.1383765634553987e+01, 1.1925400402958946e+00,
          3.9549952193159349e+01 ]
   - !!opencv-matrix
      rows: 3
      cols: 1
      dt: d
      data: [ 7.1884041558549114e+00, -2.9613836232610460e+00,
          2.6254524951169508e+01 ]
   - !!opencv-matrix
      rows: 3
      cols: 1
      dt: d
      data: [ 7.2170655070163923e+00, -5.3659044242315517e+00,
          3.3905451052337682e+01 ]
   - !!opencv-matrix
      rows: 3
      cols: 1
      dt: d
      data: [ 1.8283858043284902e+00, -3.2548781288240636e+00,
          3.7356422904062811e+01 ]
   - !!opencv-matrix
      rows: 3
      cols: 1
      dt: d
      data: [ 6.5025857186648247e-04, 7.7854182518956483e-01,
          3.5281178475935526e+01 ]
   - !!opencv-matrix
      rows: 3
      cols: 1
      dt: d
      data: [ 4.4328548323552059e+00, -6.9580109033627116e+00,
          2.9973234396173559e+01 ]
Size: [ 480, 640 ]
