%YAML:1.0
---
Date: "2022.02.6--17:08:47"
CountImg: 5
RMSE: 2.6098661197371620e-01
MeanErr: 1.9051043105579839e+00
CameraMatrix: !!opencv-matrix
   rows: 3
   cols: 3
   dt: d
   data: [ 2.2051261712999999e+03, 0., 5.8482524920000003e+02, 0.,
       2.2019195206999998e+03, 4.8408425879999999e+02, 0., 0., 1. ]
DistCoeffs: !!opencv-matrix
   rows: 1
   cols: 14
   dt: d
   data: [ -1.7872386829945952e-01, 1.1486356000000000e+00, 0., 0.,
       -3.2744719453428122e+00, 0., 0., 0., 0., 0., 0., 0., 0., 0. ]
R:
   - !!opencv-matrix
      rows: 3
      cols: 1
      dt: d
      data: [ -1.2935121630321043e-02, 3.3402047490308936e-02,
          -3.4810463571081404e-02 ]
   - !!opencv-matrix
      rows: 3
      cols: 1
      dt: d
      data: [ -5.8530807614016106e-02, -1.4467987206654371e-03,
          -3.7339708073799299e-02 ]
   - !!opencv-matrix
      rows: 3
      cols: 1
      dt: d
      data: [ 2.4968733918849156e-02, -3.2057103451389603e-02,
          -2.7445621839650796e-03 ]
   - !!opencv-matrix
      rows: 3
      cols: 1
      dt: d
      data: [ 1.0810481195815339e-01, 8.0639571196513313e-02,
          7.3513817863846018e-02 ]
   - !!opencv-matrix
      rows: 3
      cols: 1
      dt: d
      data: [ 8.2079387933503847e-02, 7.4477688344530182e-02,
          5.0535376362381187e-02 ]
T:
   - !!opencv-matrix
      rows: 3
      cols: 1
      dt: d
      data: [ 4.8833454424595669e-02, -4.6692257714889322e-02,
          7.2403899275183015e-01 ]
   - !!opencv-matrix
      rows: 3
      cols: 1
      dt: d
      data: [ 4.2198607343326498e-02, -1.1770713850976340e-01,
          7.0912642987860208e-01 ]
   - !!opencv-matrix
      rows: 3
      cols: 1
      dt: d
      data: [ 5.1327926174067132e-02, 3.6800618814805931e-02,
          7.9342824774904452e-01 ]
   - !!opencv-matrix
      rows: 3
      cols: 1
      dt: d
      data: [ 3.7606822813451929e-02, -3.8169334642432259e-02,
          7.6639248184858932e-01 ]
   - !!opencv-matrix
      rows: 3
      cols: 1
      dt: d
      data: [ 1.4246428089480366e-02, -9.4658672735697391e-02,
          7.6655019900370502e-01 ]
Size: [ 960, 1280 ]
objectPoints:
   - [ 0., 0., 0., 2.09999997e-02, 0., 0., 4.19999994e-02, 0., 0.,
       6.30000010e-02, 0., 0., 8.39999989e-02, 0., 0., 1.04999997e-01,
       0., 0., 1.26000002e-01, 0., 0., 1.47000000e-01, 0., 0.,
       1.67999998e-01, 0., 0., 0., 2.09999997e-02, 0., 2.09999997e-02,
       2.09999997e-02, 0., 4.19999994e-02, 2.09999997e-02, 0.,
       6.30000010e-02, 2.09999997e-02, 0., 8.39999989e-02,
       2.09999997e-02, 0., 1.04999997e-01, 2.09999997e-02, 0.,
       1.26000002e-01, 2.09999997e-02, 0., 1.47000000e-01,
       2.09999997e-02, 0., 1.67999998e-01, 2.09999997e-02, 0., 0.,
       4.19999994e-02, 0., 2.09999997e-02, 4.19999994e-02, 0.,
       4.19999994e-02, 4.19999994e-02, 0., 6.30000010e-02,
       4.19999994e-02, 0., 8.39999989e-02, 4.19999994e-02, 0.,
       1.04999997e-01, 4.19999994e-02, 0., 1.26000002e-01,
       4.19999994e-02, 0., 1.47000000e-01, 4.19999994e-02, 0.,
       1.67999998e-01, 4.19999994e-02, 0., 0., 6.30000010e-02, 0.,
       2.09999997e-02, 6.30000010e-02, 0., 4.19999994e-02,
       6.30000010e-02, 0., 6.30000010e-02, 6.30000010e-02, 0.,
       8.39999989e-02, 6.30000010e-02, 0., 1.04999997e-01,
       6.30000010e-02, 0., 1.26000002e-01, 6.30000010e-02, 0.,
       1.47000000e-01, 6.30000010e-02, 0., 1.67999998e-01,
       6.30000010e-02, 0., 0., 8.39999989e-02, 0., 2.09999997e-02,
       8.39999989e-02, 0., 4.19999994e-02, 8.39999989e-02, 0.,
       6.30000010e-02, 8.39999989e-02, 0., 8.39999989e-02,
       8.39999989e-02, 0., 1.04999997e-01, 8.39999989e-02, 0.,
       1.26000002e-01, 8.39999989e-02, 0., 1.47000000e-01,
       8.39999989e-02, 0., 1.67999998e-01, 8.39999989e-02, 0., 0.,
       1.04999997e-01, 0., 2.09999997e-02, 1.04999997e-01, 0.,
       4.19999994e-02, 1.04999997e-01, 0., 6.30000010e-02,
       1.04999997e-01, 0., 8.39999989e-02, 1.04999997e-01, 0.,
       1.04999997e-01, 1.04999997e-01, 0., 1.26000002e-01,
       1.04999997e-01, 0., 1.47000000e-01, 1.04999997e-01, 0.,
       1.67999998e-01, 1.04999997e-01, 0. ]
   - [ 0., 0., 0., 2.09999997e-02, 0., 0., 4.19999994e-02, 0., 0.,
       6.30000010e-02, 0., 0., 8.39999989e-02, 0., 0., 1.04999997e-01,
       0., 0., 1.26000002e-01, 0., 0., 1.47000000e-01, 0., 0.,
       1.67999998e-01, 0., 0., 0., 2.09999997e-02, 0., 2.09999997e-02,
       2.09999997e-02, 0., 4.19999994e-02, 2.09999997e-02, 0.,
       6.30000010e-02, 2.09999997e-02, 0., 8.39999989e-02,
       2.09999997e-02, 0., 1.04999997e-01, 2.09999997e-02, 0.,
       1.26000002e-01, 2.09999997e-02, 0., 1.47000000e-01,
       2.09999997e-02, 0., 1.67999998e-01, 2.09999997e-02, 0., 0.,
       4.19999994e-02, 0., 2.09999997e-02, 4.19999994e-02, 0.,
       4.19999994e-02, 4.19999994e-02, 0., 6.30000010e-02,
       4.19999994e-02, 0., 8.39999989e-02, 4.19999994e-02, 0.,
       1.04999997e-01, 4.19999994e-02, 0., 1.26000002e-01,
       4.19999994e-02, 0., 1.47000000e-01, 4.19999994e-02, 0.,
       1.67999998e-01, 4.19999994e-02, 0., 0., 6.30000010e-02, 0.,
       2.09999997e-02, 6.30000010e-02, 0., 4.19999994e-02,
       6.30000010e-02, 0., 6.30000010e-02, 6.30000010e-02, 0.,
       8.39999989e-02, 6.30000010e-02, 0., 1.04999997e-01,
       6.30000010e-02, 0., 1.26000002e-01, 6.30000010e-02, 0.,
       1.47000000e-01, 6.30000010e-02, 0., 1.67999998e-01,
       6.30000010e-02, 0., 0., 8.39999989e-02, 0., 2.09999997e-02,
       8.39999989e-02, 0., 4.19999994e-02, 8.39999989e-02, 0.,
       6.30000010e-02, 8.39999989e-02, 0., 8.39999989e-02,
       8.39999989e-02, 0., 1.04999997e-01, 8.39999989e-02, 0.,
       1.26000002e-01, 8.39999989e-02, 0., 1.47000000e-01,
       8.39999989e-02, 0., 1.67999998e-01, 8.39999989e-02, 0., 0.,
       1.04999997e-01, 0., 2.09999997e-02, 1.04999997e-01, 0.,
       4.19999994e-02, 1.04999997e-01, 0., 6.30000010e-02,
       1.04999997e-01, 0., 8.39999989e-02, 1.04999997e-01, 0.,
       1.04999997e-01, 1.04999997e-01, 0., 1.26000002e-01,
       1.04999997e-01, 0., 1.47000000e-01, 1.04999997e-01, 0.,
       1.67999998e-01, 1.04999997e-01, 0. ]
   - [ 0., 0., 0., 2.09999997e-02, 0., 0., 4.19999994e-02, 0., 0.,
       6.30000010e-02, 0., 0., 8.39999989e-02, 0., 0., 1.04999997e-01,
       0., 0., 1.26000002e-01, 0., 0., 1.47000000e-01, 0., 0.,
       1.67999998e-01, 0., 0., 0., 2.09999997e-02, 0., 2.09999997e-02,
       2.09999997e-02, 0., 4.19999994e-02, 2.09999997e-02, 0.,
       6.30000010e-02, 2.09999997e-02, 0., 8.39999989e-02,
       2.09999997e-02, 0., 1.04999997e-01, 2.09999997e-02, 0.,
       1.26000002e-01, 2.09999997e-02, 0., 1.47000000e-01,
       2.09999997e-02, 0., 1.67999998e-01, 2.09999997e-02, 0., 0.,
       4.19999994e-02, 0., 2.09999997e-02, 4.19999994e-02, 0.,
       4.19999994e-02, 4.19999994e-02, 0., 6.30000010e-02,
       4.19999994e-02, 0., 8.39999989e-02, 4.19999994e-02, 0.,
       1.04999997e-01, 4.19999994e-02, 0., 1.26000002e-01,
       4.19999994e-02, 0., 1.47000000e-01, 4.19999994e-02, 0.,
       1.67999998e-01, 4.19999994e-02, 0., 0., 6.30000010e-02, 0.,
       2.09999997e-02, 6.30000010e-02, 0., 4.19999994e-02,
       6.30000010e-02, 0., 6.30000010e-02, 6.30000010e-02, 0.,
       8.39999989e-02, 6.30000010e-02, 0., 1.04999997e-01,
       6.30000010e-02, 0., 1.26000002e-01, 6.30000010e-02, 0.,
       1.47000000e-01, 6.30000010e-02, 0., 1.67999998e-01,
       6.30000010e-02, 0., 0., 8.39999989e-02, 0., 2.09999997e-02,
       8.39999989e-02, 0., 4.19999994e-02, 8.39999989e-02, 0.,
       6.30000010e-02, 8.39999989e-02, 0., 8.39999989e-02,
       8.39999989e-02, 0., 1.04999997e-01, 8.39999989e-02, 0.,
       1.26000002e-01, 8.39999989e-02, 0., 1.47000000e-01,
       8.39999989e-02, 0., 1.67999998e-01, 8.39999989e-02, 0., 0.,
       1.04999997e-01, 0., 2.09999997e-02, 1.04999997e-01, 0.,
       4.19999994e-02, 1.04999997e-01, 0., 6.30000010e-02,
       1.04999997e-01, 0., 8.39999989e-02, 1.04999997e-01, 0.,
       1.04999997e-01, 1.04999997e-01, 0., 1.26000002e-01,
