%YAML:1.0
---
Date: "2022.24.5--19:27:01"
CountImg: 10
RMSE: 1.0745595280733171e-01
MeanErr: 6.7579585533707365e-01
CameraMatrix: !!opencv-matrix
   rows: 3
   cols: 3
   dt: d
   data: [ 8.4286464882615030e+02, 0., 3.2935917384698405e+02, 0.,
       8.3944629729411849e+02, 2.4220149599931850e+02, 0., 0., 1. ]
DistCoeffs: !!opencv-matrix
   rows: 1
   cols: 5
   dt: d
   data: [ 2.9288533903263921e-02, 7.7526913167311540e-01,
       -5.9648465164036813e-03, 8.1345046796153925e-03,
       -1.9558373913183005e+00 ]
R:
   - !!opencv-matrix
      rows: 3
      cols: 1
      dt: d
      data: [ -1.9928522717301306e-01, 6.7785205987125757e-02,
          1.5594114266914834e+00 ]
   - !!opencv-matrix
      rows: 3
      cols: 1
      dt: d
      data: [ -1.2915026467033286e-01, 4.5024073902494133e-02,
          1.5636745993016101e+00 ]
   - !!opencv-matrix
      rows: 3
      cols: 1
      dt: d
      data: [ 2.2904892802709859e-01, 3.4594660809850236e-01,
          1.5985877068726335e+00 ]
   - !!opencv-matrix
      rows: 3
      cols: 1
      dt: d
      data: [ 7.0779335680905650e-02, 5.1223548196350055e-01,
          1.6057011521541655e+00 ]
   - !!opencv-matrix
      rows: 3
      cols: 1
      dt: d
      data: [ -2.7881473119804145e-01, 3.4774294758624896e-01,
          1.5902760100977222e+00 ]
   - !!opencv-matrix
      rows: 3
      cols: 1
      dt: d
      data: [ -4.6113483624096685e-01, 1.6747140770692651e-01,
          1.5360127396090089e+00 ]
   - !!opencv-matrix
      rows: 3
      cols: 1
      dt: d
      data: [ -4.4751624695167735e-01, 1.3187638304941232e-01,
          1.4937218883551693e+00 ]
   - !!opencv-matrix
      rows: 3
      cols: 1
      dt: d
      data: [ -3.7961366237350602e-01, 1.5046584660928419e-01,
          1.4559221260317765e+00 ]
   - !!opencv-matrix
      rows: 3
      cols: 1
      dt: d
      data: [ -2.0669495652342540e-01, 6.7047527234634849e-02,
          1.5726029705583346e+00 ]
   - !!opencv-matrix
      rows: 3
      cols: 1
      dt: d
      data: [ -1.5046293275534203e-01, 6.2068828790692698e-02,
          1.6064975509414614e+00 ]
T:
   - !!opencv-matrix
      rows: 3
      cols: 1
      dt: d
      data: [ -1.5135979527834813e+00, -4.9800887848952895e+00,
          2.7878955175674502e+01 ]
   - !!opencv-matrix
      rows: 3
      cols: 1
      dt: d
      data: [ 5.1836553067141977e-01, -5.2457086833324338e+00,
          2.7176685711994281e+01 ]
   - !!opencv-matrix
      rows: 3
      cols: 1
      dt: d
      data: [ 3.8945809226728891e+00, -3.9674051683109188e+00,
          2.9443345493233711e+01 ]
   - !!opencv-matrix
      rows: 3
      cols: 1
      dt: d
      data: [ 2.2658202779941092e+00, 2.0575409930252362e+00,
          2.7542445002001376e+01 ]
   - !!opencv-matrix
      rows: 3
      cols: 1
      dt: d
      data: [ -1.4672256206050154e+00, 2.7175196154367942e+00,
          3.1660368431087360e+01 ]
   - !!opencv-matrix
      rows: 3
      cols: 1
      dt: d
      data: [ -5.3765493329066150e+00, 2.3132151448967315e+00,
          3.6933470737950771e+01 ]
   - !!opencv-matrix
      rows: 3
      cols: 1
      dt: d
      data: [ -5.6915453221402617e+00, -2.3751892603491385e+00,
          3.8189429509360679e+01 ]
   - !!opencv-matrix
      rows: 3
      cols: 1
      dt: d
      data: [ -4.9122417692753091e+00, -7.6140792883993402e+00,
          3.7456013849379183e+01 ]
   - !!opencv-matrix
      rows: 3
      cols: 1
      dt: d
      data: [ -3.4453960755036855e-01, -3.6178608134763812e+00,
          2.9804899776994176e+01 ]
   - !!opencv-matrix
      rows: 3
      cols: 1
      dt: d
      data: [ -2.0446802689563198e-01, -4.3152752111265382e+00,
          3.6297217263484022e+01 ]
Size: [ 480, 640 ]
objectPoints:
   - [ 0., 0., 0., 1., 0., 0., 2., 0., 0., 3., 0., 0., 4., 0., 0., 0.,
       1., 0., 1., 1., 0., 2., 1., 0., 3., 1., 0., 4., 1., 0., 0., 2.,
       0., 1., 2., 0., 2., 2., 0., 3., 2., 0., 4., 2., 0., 0., 3., 0.,
       1., 3., 0., 2., 3., 0., 3., 3., 0., 4., 3., 0., 0., 4., 0., 1.,
       4., 0., 2., 4., 0., 3., 4., 0., 4., 4., 0., 0., 5., 0., 1., 5.,
       0., 2., 5., 0., 3., 5., 0., 4., 5., 0., 0., 6., 0., 1., 6., 0.,
       2., 6., 0., 3., 6., 0., 4., 6., 0., 0., 7., 0., 1., 7., 0., 2.,
       7., 0., 3., 7., 0., 4., 7., 0. ]
   - [ 0., 0., 0., 1., 0., 0., 2., 0., 0., 3., 0., 0., 4., 0., 0., 0.,
       1., 0., 1., 1., 0., 2., 1., 0., 3., 1., 0., 4., 1., 0., 0., 2.,
       0., 1., 2., 0., 2., 2., 0., 3., 2., 0., 4., 2., 0., 0., 3., 0.,
       1., 3., 0., 2., 3., 0., 3., 3., 0., 4., 3., 0., 0., 4., 0., 1.,
       4., 0., 2., 4., 0., 3., 4., 0., 4., 4., 0., 0., 5., 0., 1., 5.,
       0., 2., 5., 0., 3., 5., 0., 4., 5., 0., 0., 6., 0., 1., 6., 0.,
       2., 6., 0., 3., 6., 0., 4., 6., 0., 0., 7., 0., 1., 7., 0., 2.,
       7., 0., 3., 7., 0., 4., 7., 0. ]
   - [ 0., 0., 0., 1., 0., 0., 2., 0., 0., 3., 0., 0., 4., 0., 0., 0.,
       1., 0., 1., 1., 0., 2., 1., 0., 3., 1., 0., 4., 1., 0., 0., 2.,
       0., 1., 2., 0., 2., 2., 0., 3., 2., 0., 4., 2., 0., 0., 3., 0.,
       1., 3., 0., 2., 3., 0., 3., 3., 0., 4., 3., 0., 0., 4., 0., 1.,
       4., 0., 2., 4., 0., 3., 4., 0., 4., 4., 0., 0., 5., 0., 1., 5.,
       0., 2., 5., 0., 3., 5., 0., 4., 5., 0., 0., 6., 0., 1., 6., 0.,
       2., 6., 0., 3., 6., 0., 4., 6., 0., 0., 7., 0., 1., 7., 0., 2.,
       7., 0., 3., 7., 0., 4., 7., 0. ]
   - [ 0., 0., 0., 1., 0., 0., 2., 0., 0., 3., 0., 0., 4., 0., 0., 0.,
       1., 0., 1., 1., 0., 2., 1., 0., 3., 1., 0., 4., 1., 0., 0., 2.,
       0., 1., 2., 0., 2., 2., 0., 3., 2., 0., 4., 2., 0., 0., 3., 0.,
       1., 3., 0., 2., 3., 0., 3., 3., 0., 4., 3., 0., 0., 4., 0., 1.,
       4., 0., 2., 4., 0., 3., 4., 0., 4., 4., 0., 0., 5., 0., 1., 5.,
       0., 2., 5., 0., 3., 5., 0., 4., 5., 0., 0., 6., 0., 1., 6., 0.,
       2., 6., 0., 3., 6., 0., 4., 6., 0., 0., 7., 0., 1., 7., 0., 2.,
       7., 0., 3., 7., 0., 4., 7., 0. ]
   - [ 0., 0., 0., 1., 0., 0., 2., 0., 0., 3., 0., 0., 4., 0., 0., 0.,
       1., 0., 1., 1., 0., 2., 1., 0., 3., 1., 0., 4., 1., 0., 0., 2.,
       0., 1., 2., 0., 2., 2., 0., 3., 2., 0., 4., 2., 0., 0., 3., 0.,
       1., 3., 0., 2., 3., 0., 3., 3., 0., 4., 3., 0., 0., 4., 0., 1.,
       4., 0., 2., 4., 0., 3., 4., 0., 4., 4., 0., 0., 5., 0., 1., 5.,
       0., 2., 5., 0., 3., 5., 0., 4., 5., 0., 0., 6., 0., 1., 6., 0.,
       2., 6., 0., 3., 6., 0., 4., 6., 0., 0., 7., 0., 1., 7., 0., 2.,
       7., 0., 3., 7., 0., 4., 7., 0. ]
   - [ 0., 0., 0., 1., 0., 0., 2., 0., 0., 3., 0., 0., 4., 0., 0., 0.,
       1., 0., 1., 1., 0., 2., 1., 0., 3., 1., 0., 4., 1., 0., 0., 2.,
       0., 1., 2., 0., 2., 2., 0., 3., 2., 0., 4., 2., 0., 0., 3., 0.,
       1., 3., 0., 2., 3., 0., 3., 3., 0., 4., 3., 0., 0., 4., 0., 1.,
       4., 0., 2., 4., 0., 3., 4., 0., 4., 4., 0., 0., 5., 0., 1., 5.,
       0., 2., 5., 0., 3., 5., 0., 4., 5., 0., 0., 6., 0., 1., 6., 0.,
       2., 6., 0., 3., 6., 0., 4., 6., 0., 0., 7., 0., 1., 7., 0., 2.,
       7., 0., 3., 7., 0., 4., 7., 0. ]
   - [ 0., 0., 0., 1., 0., 0., 2., 0., 0., 3., 0., 0., 4., 0., 0., 0.,
       1., 0., 1., 1., 0., 2., 1., 0., 3., 1., 0., 4., 1., 0., 0., 2.,
       0., 1., 2., 0., 2., 2., 0., 3., 2., 0., 4., 2., 0., 0., 3., 0.,
       1., 3., 0., 2., 3., 0., 3., 3., 0., 4., 3., 0., 0., 4., 0., 1.,
       4., 0., 2., 4., 0., 3., 4., 0., 4., 4., 0., 0., 5., 0., 1., 5.,
       0., 2., 5., 0., 3., 5., 0., 4., 5., 0., 0., 6., 0., 1., 6., 0.,
       2., 6., 0., 3., 6., 0., 4., 6., 0., 0., 7., 0., 1., 7., 0., 2.,
       7., 0., 3., 7., 0., 4., 7., 0. ]
   - [ 0., 0., 0., 1., 0., 0., 2., 0., 0., 3., 0., 0., 4., 0., 0., 0.,
       1., 0., 1., 1., 0., 2., 1., 0., 3., 1., 0., 4., 1., 0., 0., 2.,
       0., 1., 2., 0., 2., 2., 0., 3., 2., 0., 4., 2., 0., 0., 3., 0.,
       1., 3., 0., 2., 3., 0., 3., 3., 0., 4., 3., 0., 0., 4., 0., 1.,
       4., 0., 2., 4., 0., 3., 4., 0., 4., 4., 0., 0., 5., 0., 1., 5.,
       0., 2., 5., 0., 3., 5., 0., 4., 5., 0., 0., 6., 0., 1., 6., 0.,
       2., 6., 0., 3., 6., 0., 4., 6., 0., 0., 7., 0., 1., 7., 0., 2.,
