%YAML:1.0
---
Date: "2022.02.6--17:36:44"
Pattern: Chessboard
SizePattern: "5 x 8"
CountPair: 8
RMSE: 2.7297774449315648e-01
AverageReprojectionErr: 5.0682694911956783e-01
cameraMatrixFirst: !!opencv-matrix
   rows: 3
   cols: 3
   dt: d
   data: [ 1.5972478593999999e+03, 0., 5.9144373550000000e+02, 0.,
       1.5937791448000000e+03, 5.0058581839999999e+02, 0., 0., 1. ]
cameraMatrixSecond: !!opencv-matrix
   rows: 3
   cols: 3
   dt: d
   data: [ 1.5278380029000000e+03, 0., 6.4134807909999995e+02, 0.,
       1.5216217853999999e+03, 4.9127208999999999e+02, 0., 0., 1. ]
DistCoeffsFirst: !!opencv-matrix
   rows: 1
   cols: 5
   dt: d
   data: [ -9.9807599999999996e-02, 4.4953219999999999e-01, 0., 0.,
       -1.1722686000000000e+00 ]
DistCoeffsSecond: !!opencv-matrix
   rows: 1
   cols: 5
   dt: d
   data: [ -6.9977700000000004e-02, 1.0535640000000000e-01, 0., 0.,
       2.5222820000000001e-01 ]
R: !!opencv-matrix
   rows: 3
   cols: 3
   dt: d
   data: [ 9.9955506961131957e-01, -9.5251330500455242e-04,
       -2.9812003165065392e-02, 1.0887357379111599e-03,
       9.9998904016178025e-01, 4.5534833715020415e-03,
       2.9807339176838223e-02, -4.5839147816402366e-03,
       9.9954515168474078e-01 ]
T: !!opencv-matrix
   rows: 3
   cols: 1
   dt: d
   data: [ 1.5542417418077484e-01, -9.4829741948560886e-04,
       1.0281496954365327e-03 ]
E: !!opencv-matrix
   rows: 3
   cols: 3
   dt: d
   data: [ -2.9385606140472210e-05, -1.0237915125236336e-03,
       -9.5254775054357638e-04, -3.6050888356934175e-03,
       7.1147184318704100e-04, -1.5538413095897266e-01,
       1.1170913461121109e-03, 1.5542156749106123e-01,
       6.7945074699046683e-04 ]
F: !!opencv-matrix
   rows: 3
   cols: 3
   dt: d
   data: [ -1.3551723697143770e-07, -4.7360842421685990e-06,
       -4.4317273564728017e-03, -1.6677227948743516e-05,
       3.3015176257591363e-06, -1.1145301828290621e+00,
       1.6403967975895863e-02, 1.1247252292384042e+00, 1. ]
R1: !!opencv-matrix
   rows: 3
   cols: 3
   dt: d
   data: [ 9.9970512561033986e-01, -7.0838336088854805e-03,
       -2.3226733085310487e-02, 7.1357894284718813e-03,
       9.9997221833410244e-01, 2.1547782268269071e-03,
       2.3210823717549126e-02, -2.3198839143205125e-03,
       9.9972790088152330e-01 ]
R2: !!opencv-matrix
   rows: 3
   cols: 3
   dt: d
   data: [ 9.9995950930625255e-01, -6.1011038164688640e-03,
       6.6148530005731409e-03, 6.1158894009919430e-03,
       9.9997883953615918e-01, -2.2172904074800590e-03,
       -6.6011851082481126e-03, 2.2576563372085487e-03,
       9.9997566337537924e-01 ]
P1: !!opencv-matrix
   rows: 3
   cols: 4
   dt: d
   data: [ 1.5577004651000000e+03, 0., 6.3208578491210938e+02, 0., 0.,
       1.5577004651000000e+03, 4.9610786056518555e+02, 0., 0., 0., 1.,
       0. ]
P2: !!opencv-matrix
   rows: 3
   cols: 4
   dt: d
   data: [ 1.5577004651000000e+03, 0., 6.2916162109375000e+02,
       2.4211411177752828e+02, 0., 1.5577004651000000e+03,
       4.9610786056518555e+02, 0., 0., 0., 1., 0. ]
Q: !!opencv-matrix
   rows: 4
   cols: 4
   dt: d
   data: [ 1., 0., 0., -6.3208578491210938e+02, 0., 1., 0.,
       -4.9610786056518555e+02, 0., 0., 0., 1.5577004651000000e+03, 0.,
       0., -6.4337450372629510e+00, 1.8813324454513509e+01 ]
ImgSize: [ 1280, 960 ]
