%YAML:1.0
---
FirstCameraName: Basler daA1280-54um (22503356)
FirstCameraIndex: 1
SecondCameraName: Basler daA1280-54um (22503357)
SecondCameraIndex: 0
Pattern: Circles
Row: 6
Col: 9
CheckerSize: 2.9999999999999999e-02
MarkerSize: 0.
DictionaryName: NULL
Exposure: 4000.
Gain: 1.
isWebCamera: 0
isBaslerCamera: 1
SettingCalibration:
   isUseParametr: 0
   isFixedFocal: 0
   isFixedAspectRatio: 0
   isFixedPrincipalPoint: 0
   isfixedK1: 0
   isfixedK2: 0
   isfixedK3: 0
   isfixedK4: 0
   iszeroTangent: 0
   isCaibration: 1
   isStereoCaibration: 0
   numCamera: 2
   cameraModel: 0
   fx: 0.
   fy: 0.
   cx: 0.
   cy: 0.
   k1: 0.
   k2: 0.
   k3: 0.
   k4: 0.
   isSameFocalLengStereo: 0
   isfixAspectRatioStereo: 0
   isfixFocalLengthStereo: 0
   isfixPrincipalPointStereo: 0
   isUseSingleCalibratedInStereo: 0
   iszeroTangentS: 0
   isfixedK1S: 0
   isfixedK2S: 0
   isfixedK3S: 0
   fx1: 1.6476424724999999e+03
   fy1: 1.6503475559999999e+03
   fx2: 0.
   fy2: 0.
   cx1: 6.5429642300000000e+02
   cy1: 5.1284326759999999e+02
   cx1: 6.5429642300000000e+02
   cx2: 0.
   cy2: 0.
   k1S1: 0.
   k2S1: 0.
   k3S1: 2.0613575000000002e+00
   k1S2: 0.
   k2S2: 0.
   k3S2: 0.
ImageInfoCamera1:
   -
      isActive: 1
      isCalib: 1
      cameraPath: "D:/PRoG/Git-repos/Camera-calibration-With-OpenCV/BaslerTest/Test3/Camera1/Accumulated/1.png"
      drawPath: NONE
      undistortedPath: "D:/PRoG/Git-repos/Camera-calibration-With-OpenCV/BaslerTest/Test3/Camera1/Undistorted/1.png"
      state: Succes
      err: 8.9828196428378049e-01
      imgpoint:
         - [ 2.2794766235351562e+02, 3.2578857421875000e+02 ]
         - [ 2.6715853881835938e+02, 3.2459414672851562e+02 ]
         - [ 3.0642254638671875e+02, 3.2341937255859375e+02 ]
         - [ 3.4572869873046875e+02, 3.2223461914062500e+02 ]
         - [ 3.8508911132812500e+02, 3.2105557250976562e+02 ]
         - [ 4.2459625244140625e+02, 3.1987628173828125e+02 ]
         - [ 2.2940924072265625e+02, 3.6556002807617188e+02 ]
         - [ 2.6865744018554688e+02, 3.6438302612304688e+02 ]
         - [ 3.0783551025390625e+02, 3.6325527954101562e+02 ]
         - [ 3.4712530517578125e+02, 3.6208773803710938e+02 ]
         - [ 3.8642086791992188e+02, 3.6091000366210938e+02 ]
         - [ 4.2587417602539062e+02, 3.5975222778320312e+02 ]
         - [ 2.3086466979980469e+02, 4.0522058105468750e+02 ]
         - [ 2.7011865234375000e+02, 4.0406176757812500e+02 ]
         - [ 3.0926965332031250e+02, 4.0292126464843750e+02 ]
         - [ 3.4852560424804688e+02, 4.0179037475585938e+02 ]
         - [ 3.8774475097656250e+02, 4.0064678955078125e+02 ]
         - [ 4.2719274902343750e+02, 3.9951736450195312e+02 ]
         - [ 2.3235858154296875e+02, 4.4466445922851562e+02 ]
         - [ 2.7156326293945312e+02, 4.4353668212890625e+02 ]
         - [ 3.1068347167968750e+02, 4.4242431640625000e+02 ]
         - [ 3.4991430664062500e+02, 4.4132305908203125e+02 ]
         - [ 3.8911431884765625e+02, 4.4019613647460938e+02 ]
         - [ 4.2849249267578125e+02, 4.3907568359375000e+02 ]
         - [ 2.3385345458984375e+02, 4.8395315551757812e+02 ]
         - [ 2.7303933715820312e+02, 4.8283850097656250e+02 ]
         - [ 3.1214947509765625e+02, 4.8175796508789062e+02 ]
         - [ 3.5131317138671875e+02, 4.8064767456054688e+02 ]
         - [ 3.9051696777343750e+02, 4.7956738281250000e+02 ]
         - [ 4.2984191894531250e+02, 4.7847515869140625e+02 ]
         - [ 2.3541993713378906e+02, 5.2319958496093750e+02 ]
         - [ 2.7452511596679688e+02, 5.2208679199218750e+02 ]
         - [ 3.1358004760742188e+02, 5.2100592041015625e+02 ]
         - [ 3.5272497558593750e+02, 5.1995648193359375e+02 ]
         - [ 3.9188537597656250e+02, 5.1887799072265625e+02 ]
         - [ 4.3121362304687500e+02, 5.1777581787109375e+02 ]
         - [ 2.3696859741210938e+02, 5.6243182373046875e+02 ]
         - [ 2.7603561401367188e+02, 5.6133917236328125e+02 ]
         - [ 3.1506033325195312e+02, 5.6030773925781250e+02 ]
         - [ 3.5415286254882812e+02, 5.5926165771484375e+02 ]
         - [ 3.9327783203125000e+02, 5.5820043945312500e+02 ]
         - [ 4.3252746582031250e+02, 5.5709136962890625e+02 ]
         - [ 2.3858782958984375e+02, 6.0169860839843750e+02 ]
         - [ 2.7759347534179688e+02, 6.0063494873046875e+02 ]
         - [ 3.1655932617187500e+02, 5.9962127685546875e+02 ]
         - [ 3.5560015869140625e+02, 5.9859069824218750e+02 ]
         - [ 3.9465087890625000e+02, 5.9754766845703125e+02 ]
         - [ 4.3386810302734375e+02, 5.9646258544921875e+02 ]
         - [ 2.4023149108886719e+02, 6.4091479492187500e+02 ]
         - [ 2.7918417358398438e+02, 6.3985247802734375e+02 ]
         - [ 3.1807373046875000e+02, 6.3889410400390625e+02 ]
         - [ 3.5706158447265625e+02, 6.3788482666015625e+02 ]
         - [ 3.9607412719726562e+02, 6.3686132812500000e+02 ]
         - [ 4.3522363281250000e+02, 6.3577899169921875e+02 ]
      reprojectPoint:
         - [ 2.2784027099609375e+02, 3.2578930664062500e+02 ]
         - [ 2.6715643310546875e+02, 3.2463522338867188e+02 ]
         - [ 3.0647640991210938e+02, 3.2346899414062500e+02 ]
         - [ 3.4582086181640625e+02, 3.2229763793945312e+02 ]
         - [ 3.8520144653320312e+02, 3.2112615966796875e+02 ]
         - [ 4.2462359619140625e+02, 3.1995797729492188e+02 ]
         - [ 2.2935618591308594e+02, 3.6548767089843750e+02 ]
         - [ 2.6860910034179688e+02, 3.6433737182617188e+02 ]
         - [ 3.0787396240234375e+02, 3.6317974853515625e+02 ]
         - [ 3.4716894531250000e+02, 3.6201992797851562e+02 ]
         - [ 3.8650387573242188e+02, 3.6086157226562500e+02 ]
         - [ 4.2588269042968750e+02, 3.5970706176757812e+02 ]
         - [ 2.3087504577636719e+02, 4.0509399414062500e+02 ]
         - [ 2.7007049560546875e+02, 4.0395242309570312e+02 ]
         - [ 3.0928384399414062e+02, 4.0280703735351562e+02 ]
         - [ 3.4853143310546875e+02, 4.0166131591796875e+02 ]
         - [ 3.8782153320312500e+02, 4.0051773071289062e+02 ]
         - [ 4.2715710449218750e+02, 3.9937796020507812e+02 ]
         - [ 2.3240182495117188e+02, 4.4461093139648438e+02 ]
         - [ 2.7154421997070312e+02, 4.4348135375976562e+02 ]
         - [ 3.1070855712890625e+02, 4.4235043334960938e+02 ]
         - [ 3.4990985107421875e+02, 4.4122033691406250e+02 ]
         - [ 3.8915533447265625e+02, 4.4009252929687500e+02 ]
         - [ 4.2844723510742188e+02, 4.3896798706054688e+02 ]
         - [ 2.3393972778320312e+02, 4.8403909301757812e+02 ]
         - [ 2.7303234863281250e+02, 4.8292340087890625e+02 ]
         - [ 3.1214941406250000e+02, 4.8180828857421875e+02 ]
         - [ 3.5130496215820312e+02, 4.8069464111328125e+02 ]
         - [ 3.9050561523437500e+02, 4.7958303833007812e+02 ]
         - [ 4.2975311279296875e+02, 4.7847396850585938e+02 ]
         - [ 2.3549046325683594e+02, 5.2337792968750000e+02 ]
         - [ 2.7453607177734375e+02, 5.2227703857421875e+02 ]
         - [ 3.1360702514648438e+02, 5.2117828369140625e+02 ]
         - [ 3.5271704101562500e+02, 5.2008135986328125e+02 ]
         - [ 3.9187240600585938e+02, 5.1898614501953125e+02 ]
         - [ 4.3107461547851562e+02, 5.1789257812500000e+02 ]
         - [ 2.3705456542968750e+02, 5.6262640380859375e+02 ]
         - [ 2.7605557250976562e+02, 5.6154016113281250e+02 ]
         - [ 3.1508148193359375e+02, 5.6045770263671875e+02 ]
         - [ 3.5414599609375000e+02, 5.5937744140625000e+02 ]
         - [ 3.9325549316406250e+02, 5.5829852294921875e+02 ]
         - [ 4.3241152954101562e+02, 5.5722045898437500e+02 ]
         - [ 2.3863153076171875e+02, 6.0178332519531250e+02 ]
         - [ 2.7759042358398438e+02, 6.0071087646484375e+02 ]
         - [ 3.1657232666015625e+02, 5.9964398193359375e+02 ]
         - [ 3.5559146118164062e+02, 5.9858001708984375e+02 ]
         - [ 3.9465457153320312e+02, 5.9751708984375000e+02 ]
         - [ 4.3376354980468750e+02, 5.9645428466796875e+02 ]
         - [ 2.4021978759765625e+02, 6.4084808349609375e+02 ]
