%YAML:1.0
---
Date: "2022.02.6--17:11:17"
CountImg: 7
RMSE: 1.3979111924169543e-01
MeanErr: 1.0220289243498892e+00
CameraMatrix: !!opencv-matrix
   rows: 3
   cols: 3
   dt: d
   data: [ 1.6086848032697380e+03, 0., 5.9281012889589169e+02, 0.,
       1.6049570622152992e+03, 5.0481876568969369e+02, 0., 0., 1. ]
DistCoeffs: !!opencv-matrix
   rows: 1
   cols: 5
   dt: d
   data: [ -7.9670093051997667e-02, 4.1237705882104497e-01,
       2.0711561438285109e-03, -5.5663652263777084e-04,
       -1.1277434271098474e+00 ]
R:
   - !!opencv-matrix
      rows: 3
      cols: 1
      dt: d
      data: [ 5.3632110583306192e-02, 3.2869809055906113e-02,
          -3.4554898552437013e-02 ]
   - !!opencv-matrix
      rows: 3
      cols: 1
      dt: d
      data: [ 6.8956457542296623e-02, -5.1383112254714154e-03,
          -5.5511492543455311e-02 ]
   - !!opencv-matrix
      rows: 3
      cols: 1
      dt: d
      data: [ 1.0194985852875704e-01, -8.4020679591511015e-03,
          3.6215733437268673e-02 ]
   - !!opencv-matrix
      rows: 3
      cols: 1
      dt: d
      data: [ 1.0047495795541782e-01, 1.3952822726391989e-01,
          1.2056068286652075e-02 ]
   - !!opencv-matrix
      rows: 3
      cols: 1
      dt: d
      data: [ -1.3479275650324602e-02, 1.1073644141953080e-01,
          5.1802847547504291e-03 ]
   - !!opencv-matrix
      rows: 3
      cols: 1
      dt: d
      data: [ -3.2255036235196877e-02, 6.9837349395465667e-02,
          -1.0625388781016265e-02 ]
   - !!opencv-matrix
      rows: 3
      cols: 1
      dt: d
      data: [ -9.4900230178928013e-02, -1.2919600839689643e-01,
          -2.3013928055884991e-02 ]
T:
   - !!opencv-matrix
      rows: 3
      cols: 1
      dt: d
      data: [ -2.4241037818016249e+00, -1.1024139358778815e+01,
          4.6276753101963891e+01 ]
   - !!opencv-matrix
      rows: 3
      cols: 1
      dt: d
      data: [ -2.5170253268119760e+00, -5.9585241759187779e+00,
          4.7900678745871517e+01 ]
   - !!opencv-matrix
      rows: 3
      cols: 1
      dt: d
      data: [ -1.4122499516687994e+00, -1.7927916698262583e+00,
          4.8905795682900994e+01 ]
   - !!opencv-matrix
      rows: 3
      cols: 1
      dt: d
      data: [ -1.9822164731840966e+00, 3.9974171413622837e+00,
          5.2121998527583933e+01 ]
   - !!opencv-matrix
      rows: 3
      cols: 1
      dt: d
      data: [ -1.6592385408891651e+01, -1.1366738825949588e+01,
          5.2554039298126789e+01 ]
   - !!opencv-matrix
      rows: 3
      cols: 1
      dt: d
      data: [ -1.5125979022855603e+01, 1.5343925386817068e+00,
          5.9034542388304907e+01 ]
   - !!opencv-matrix
      rows: 3
      cols: 1
      dt: d
      data: [ -1.8323575709112802e+01, -1.1841417618248786e+00,
          6.0093471536376200e+01 ]
Size: [ 960, 1280 ]
objectPoints:
   - [ 0., 0., 0., 2., 0., 0., 4., 0., 0., 6., 0., 0., 8., 0., 0., 10.,
       0., 0., 1., 1., 0., 3., 1., 0., 5., 1., 0., 7., 1., 0., 9., 1.,
       0., 11., 1., 0., 0., 2., 0., 2., 2., 0., 4., 2., 0., 6., 2., 0.,
       8., 2., 0., 10., 2., 0., 1., 3., 0., 3., 3., 0., 5., 3., 0., 7.,
       3., 0., 9., 3., 0., 11., 3., 0., 0., 4., 0., 2., 4., 0., 4., 4.,
       0., 6., 4., 0., 8., 4., 0., 10., 4., 0., 1., 5., 0., 3., 5., 0.,
       5., 5., 0., 7., 5., 0., 9., 5., 0., 11., 5., 0., 0., 6., 0., 2.,
       6., 0., 4., 6., 0., 6., 6., 0., 8., 6., 0., 10., 6., 0., 1., 7.,
       0., 3., 7., 0., 5., 7., 0., 7., 7., 0., 9., 7., 0., 11., 7., 0.,
       0., 8., 0., 2., 8., 0., 4., 8., 0., 6., 8., 0., 8., 8., 0., 10.,
       8., 0. ]
   - [ 0., 0., 0., 2., 0., 0., 4., 0., 0., 6., 0., 0., 8., 0., 0., 10.,
       0., 0., 1., 1., 0., 3., 1., 0., 5., 1., 0., 7., 1., 0., 9., 1.,
       0., 11., 1., 0., 0., 2., 0., 2., 2., 0., 4., 2., 0., 6., 2., 0.,
       8., 2., 0., 10., 2., 0., 1., 3., 0., 3., 3., 0., 5., 3., 0., 7.,
       3., 0., 9., 3., 0., 11., 3., 0., 0., 4., 0., 2., 4., 0., 4., 4.,
       0., 6., 4., 0., 8., 4., 0., 10., 4., 0., 1., 5., 0., 3., 5., 0.,
       5., 5., 0., 7., 5., 0., 9., 5., 0., 11., 5., 0., 0., 6., 0., 2.,
       6., 0., 4., 6., 0., 6., 6., 0., 8., 6., 0., 10., 6., 0., 1., 7.,
       0., 3., 7., 0., 5., 7., 0., 7., 7., 0., 9., 7., 0., 11., 7., 0.,
       0., 8., 0., 2., 8., 0., 4., 8., 0., 6., 8., 0., 8., 8., 0., 10.,
       8., 0. ]
   - [ 0., 0., 0., 2., 0., 0., 4., 0., 0., 6., 0., 0., 8., 0., 0., 10.,
       0., 0., 1., 1., 0., 3., 1., 0., 5., 1., 0., 7., 1., 0., 9., 1.,
       0., 11., 1., 0., 0., 2., 0., 2., 2., 0., 4., 2., 0., 6., 2., 0.,
       8., 2., 0., 10., 2., 0., 1., 3., 0., 3., 3., 0., 5., 3., 0., 7.,
       3., 0., 9., 3., 0., 11., 3., 0., 0., 4., 0., 2., 4., 0., 4., 4.,
       0., 6., 4., 0., 8., 4., 0., 10., 4., 0., 1., 5., 0., 3., 5., 0.,
       5., 5., 0., 7., 5., 0., 9., 5., 0., 11., 5., 0., 0., 6., 0., 2.,
       6., 0., 4., 6., 0., 6., 6., 0., 8., 6., 0., 10., 6., 0., 1., 7.,
       0., 3., 7., 0., 5., 7., 0., 7., 7., 0., 9., 7., 0., 11., 7., 0.,
       0., 8., 0., 2., 8., 0., 4., 8., 0., 6., 8., 0., 8., 8., 0., 10.,
       8., 0. ]
   - [ 0., 0., 0., 2., 0., 0., 4., 0., 0., 6., 0., 0., 8., 0., 0., 10.,
       0., 0., 1., 1., 0., 3., 1., 0., 5., 1., 0., 7., 1., 0., 9., 1.,
       0., 11., 1., 0., 0., 2., 0., 2., 2., 0., 4., 2., 0., 6., 2., 0.,
       8., 2., 0., 10., 2., 0., 1., 3., 0., 3., 3., 0., 5., 3., 0., 7.,
       3., 0., 9., 3., 0., 11., 3., 0., 0., 4., 0., 2., 4., 0., 4., 4.,
       0., 6., 4., 0., 8., 4., 0., 10., 4., 0., 1., 5., 0., 3., 5., 0.,
       5., 5., 0., 7., 5., 0., 9., 5., 0., 11., 5., 0., 0., 6., 0., 2.,
       6., 0., 4., 6., 0., 6., 6., 0., 8., 6., 0., 10., 6., 0., 1., 7.,
       0., 3., 7., 0., 5., 7., 0., 7., 7., 0., 9., 7., 0., 11., 7., 0.,
       0., 8., 0., 2., 8., 0., 4., 8., 0., 6., 8., 0., 8., 8., 0., 10.,
       8., 0. ]
   - [ 0., 0., 0., 2., 0., 0., 4., 0., 0., 6., 0., 0., 8., 0., 0., 10.,
       0., 0., 1., 1., 0., 3., 1., 0., 5., 1., 0., 7., 1., 0., 9., 1.,
       0., 11., 1., 0., 0., 2., 0., 2., 2., 0., 4., 2., 0., 6., 2., 0.,
       8., 2., 0., 10., 2., 0., 1., 3., 0., 3., 3., 0., 5., 3., 0., 7.,
       3., 0., 9., 3., 0., 11., 3., 0., 0., 4., 0., 2., 4., 0., 4., 4.,
       0., 6., 4., 0., 8., 4., 0., 10., 4., 0., 1., 5., 0., 3., 5., 0.,
       5., 5., 0., 7., 5., 0., 9., 5., 0., 11., 5., 0., 0., 6., 0., 2.,
       6., 0., 4., 6., 0., 6., 6., 0., 8., 6., 0., 10., 6., 0., 1., 7.,
       0., 3., 7., 0., 5., 7., 0., 7., 7., 0., 9., 7., 0., 11., 7., 0.,
       0., 8., 0., 2., 8., 0., 4., 8., 0., 6., 8., 0., 8., 8., 0., 10.,
       8., 0. ]
   - [ 0., 0., 0., 2., 0., 0., 4., 0., 0., 6., 0., 0., 8., 0., 0., 10.,
       0., 0., 1., 1., 0., 3., 1., 0., 5., 1., 0., 7., 1., 0., 9., 1.,
       0., 11., 1., 0., 0., 2., 0., 2., 2., 0., 4., 2., 0., 6., 2., 0.,
       8., 2., 0., 10., 2., 0., 1., 3., 0., 3., 3., 0., 5., 3., 0., 7.,
       3., 0., 9., 3., 0., 11., 3., 0., 0., 4., 0., 2., 4., 0., 4., 4.,
       0., 6., 4., 0., 8., 4., 0., 10., 4., 0., 1., 5., 0., 3., 5., 0.,
       5., 5., 0., 7., 5., 0., 9., 5., 0., 11., 5., 0., 0., 6., 0., 2.,
       6., 0., 4., 6., 0., 6., 6., 0., 8., 6., 0., 10., 6., 0., 1., 7.,
       0., 3., 7., 0., 5., 7., 0., 7., 7., 0., 9., 7., 0., 11., 7., 0.,
       0., 8., 0., 2., 8., 0., 4., 8., 0., 6., 8., 0., 8., 8., 0., 10.,
       8., 0. ]
   - [ 0., 0., 0., 2., 0., 0., 4., 0., 0., 6., 0., 0., 8., 0., 0., 10.,
       0., 0., 1., 1., 0., 3., 1., 0., 5., 1., 0., 7., 1., 0., 9., 1.,
       0., 11., 1., 0., 0., 2., 0., 2., 2., 0., 4., 2., 0., 6., 2., 0.,
       8., 2., 0., 10., 2., 0., 1., 3., 0., 3., 3., 0., 5., 3., 0., 7.,
       3., 0., 9., 3., 0., 11., 3., 0., 0., 4., 0., 2., 4., 0., 4., 4.,
       0., 6., 4., 0., 8., 4., 0., 10., 4., 0., 1., 5., 0., 3., 5., 0.,
       5., 5., 0., 7., 5., 0., 9., 5., 0., 11., 5., 0., 0., 6., 0., 2.,
       6., 0., 4., 6., 0., 6., 6., 0., 8., 6., 0., 10., 6., 0., 1., 7.,
       0., 3., 7., 0., 5., 7., 0., 7., 7., 0., 9., 7., 0., 11., 7., 0.,
       0., 8., 0., 2., 8., 0., 4., 8., 0., 6., 8., 0., 8., 8., 0., 10.,
       8., 0. ]
