%YAML:1.0
---
Date: "2022.24.5--18:53:30"
Pattern: Chessboard
SizePattern: "5 x 8"
CountPair: 10
RMSE: 4.3513380324745810e+01
AverageReprojectionErr: 4.4882980728149411e+00
cameraMatrixFirst: !!opencv-matrix
   rows: 3
   cols: 3
   dt: d
   data: [ 8.5096697179638454e+02, 0., 2.9939708028047204e+02, 0.,
       8.5125314996343457e+02, 2.1580748382250258e+02, 0., 0., 1. ]
cameraMatrixSecond: !!opencv-matrix
   rows: 3
   cols: 3
   dt: d
   data: [ 8.3396676468173632e+02, 0., 2.9014953246240151e+02, 0.,
       8.3733483111635690e+02, 2.4078980556743446e+02, 0., 0., 1. ]
DistCoeffsFirst: !!opencv-matrix
   rows: 1
   cols: 5
   dt: d
   data: [ 7.4880034622229072e-02, 2.0712426201300865e-01,
       -1.6082730843277319e-02, -1.0113304026118352e-02,
       -5.2506805019718894e-01 ]
DistCoeffsSecond: !!opencv-matrix
   rows: 1
   cols: 5
   dt: d
   data: [ -6.0048183889136577e-03, 1.6504386599696070e+00,
       -7.0291648110875965e-03, -1.0919659086593113e-02,
       -6.8596351569381735e+00 ]
R: !!opencv-matrix
   rows: 3
   cols: 3
   dt: d
   data: [ 9.9674826690242535e-01, -7.2368408138910045e-03,
       -8.0252853918386297e-02, 3.8829445940478657e-03,
       9.9911555574119504e-01, -4.1869189354972976e-02,
       8.0484875400854056e-02, 4.1421424540899469e-02,
       9.9589479887220589e-01 ]
T: !!opencv-matrix
   rows: 3
   cols: 1
   dt: d
   data: [ -2.9936008032860954e-02, -9.1830373123962384e-04,
       3.3481792823267975e-03 ]
E: !!opencv-matrix
   rows: 3
   cols: 3
   dt: d
   data: [ -8.6910356033174398e-05, -3.3832554530922624e-03,
       -7.7434835736034315e-04, 5.7466877734616215e-03,
       1.2157618573063434e-03, 2.9544413756085661e-02,
       7.9907779204455476e-04, -2.9916176920346534e-02,
       1.1796998936639646e-03 ]
F: !!opencv-matrix
   rows: 3
   cols: 3
   dt: d
   data: [ -1.9840453829039196e-07, -7.7209161455761659e-06,
       2.2135157266397717e-04, 1.3066138610508003e-05,
       2.7633261408943959e-06, 5.2655048741718523e-02,
       -1.5673154406279919e-03, -5.5361413421256021e-02, 1. ]
R1: !!opencv-matrix
   rows: 3
   cols: 3
   dt: d
   data: [ 9.8128836741467618e-01, 1.8653795657706179e-02,
       -1.9163813786457090e-01, -2.2514504218241332e-02,
       9.9958467955504871e-01, -1.7987926468537242e-02,
       1.9122300352323338e-01, 2.1965980660813948e-02,
       9.8130079925431746e-01 ]
R2: !!opencv-matrix
   rows: 3
   cols: 3
   dt: d
   data: [ 9.9334199248557620e-01, 3.0471319258572847e-02,
       -1.1109988599196594e-01, -2.8231545830469350e-02,
       9.9936631995099945e-01, 2.1678061897199667e-02,
       1.1169004335574326e-01, -1.8397207675047853e-02,
       9.9357278392926673e-01 ]
P1: !!opencv-matrix
   rows: 3
   cols: 4
   dt: d
   data: [ 8.4429399053989573e+02, 0., 4.8292079162597656e+02, 0., 0.,
       8.4429399053989573e+02, 2.2380866622924805e+02, 0., 0., 0., 1.,
       0. ]
P2: !!opencv-matrix
   rows: 3
   cols: 4
   dt: d
   data: [ 8.4429399053989573e+02, 0., 3.8792238616943359e+02,
       -2.5444199353391934e+01, 0., 8.4429399053989573e+02,
       2.2380866622924805e+02, 0., 0., 0., 1., 0. ]
Q: !!opencv-matrix
   rows: 4
   cols: 4
   dt: d
   data: [ 1., 0., 0., -4.8292079162597656e+02, 0., 1., 0.,
       -2.2380866622924805e+02, 0., 0., 0., 8.4429399053989573e+02, 0.,
       0., 3.3182179514221737e+01, -3.1522541434238301e+03 ]
ImgSize: [ 640, 480 ]
