%YAML:1.0
---
FirstCameraName: None
FirstCameraIndex: -1
SecondCameraName: None
SecondCameraIndex: -1
Exposure: 0.
Gain: 0.
Pattern: Chessboard
Row: 5
Col: 8
CheckerSize: 2.0000000000000000e-02
MarkerSize: 0.
DictionaryName: NULL
isWebCamera: 0
isBaslerCamera: 0
SettingCalibration:
   isUseParametr: 0
   isFixedFocal: 0
   isFixedAspectRatio: 0
   isFixedPrincipalPoint: 0
   isfixedK1: 0
   isfixedK2: 0
   isfixedK3: 0
   isfixedK4: 0
   iszeroTangent: 0
   isCaibration: 0
   isStereoCaibration: 1
   numCamera: 1
   cameraModel: 0
   fx: 1.5972478593999999e+03
   fy: 1.5937791448000000e+03
   cx: 5.9144373550000000e+02
   cy: 5.0058581839999999e+02
   k1: -9.9807599999999996e-02
   k2: 4.4953219999999999e-01
   k3: -1.1722686000000000e+00
   k4: 0.
   isSameFocalLengStereo: 1
   isfixAspectRatioStereo: 1
   isfixFocalLengthStereo: 1
   isfixPrincipalPointStereo: 1
   isUseSingleCalibratedInStereo: 1
   iszeroTangentS: 1
   isfixedK1S: 1
   isfixedK2S: 1
   isfixedK3S: 1
   fx1: 1.5972478593999999e+03
   fy1: 1.5937791448000000e+03
   fx2: 1.5278380029000000e+03
   fy2: 1.5216217853999999e+03
   cx1: 5.9144373550000000e+02
   cy1: 5.0058581839999999e+02
   cx1: 5.9144373550000000e+02
   cx2: 6.4134807909999995e+02
   cy2: 4.9127208999999999e+02
   k1S1: -9.9807599999999996e-02
   k2S1: 4.4953219999999999e-01
   k3S1: -1.1722686000000000e+00
   k1S2: -6.9977700000000004e-02
   k2S2: 1.0535640000000000e-01
   k3S2: 2.5222820000000001e-01
ImageInfoCamera1:
   -
      isActive: 1
      isCalib: 1
      cameraPath: "D:/PRoG/Git-repos/Camera-calibration-With-OpenCV/DiplomTest/HomeTest/Camera1/Accumulated\\1.png"
      drawPath: NONE
      undistortedPath: "D:/PRoG/Git-repos/Camera-calibration-With-OpenCV/DiplomTest/HomeTest/Camera1/Undistorted/1.png"
      state: Succes
      err: 8.0223848985909818e-01
      imgpoint:
         - [ 5.6385858154296875e+02, 5.7165612792968750e+02 ]
         - [ 6.0983349609375000e+02, 5.7070288085937500e+02 ]
         - [ 6.5621411132812500e+02, 5.6980389404296875e+02 ]
         - [ 7.0301452636718750e+02, 5.6887615966796875e+02 ]
         - [ 7.5028143310546875e+02, 5.6790618896484375e+02 ]
         - [ 7.9816351318359375e+02, 5.6695178222656250e+02 ]
         - [ 8.4661206054687500e+02, 5.6583593750000000e+02 ]
         - [ 8.9567242431640625e+02, 5.6492950439453125e+02 ]
         - [ 5.6638922119140625e+02, 6.1768713378906250e+02 ]
         - [ 6.1223583984375000e+02, 6.1704278564453125e+02 ]
         - [ 6.5844915771484375e+02, 6.1634057617187500e+02 ]
         - [ 7.0512921142578125e+02, 6.1565307617187500e+02 ]
         - [ 7.5220867919921875e+02, 6.1499133300781250e+02 ]
         - [ 7.9987713623046875e+02, 6.1428332519531250e+02 ]
         - [ 8.4820654296875000e+02, 6.1348400878906250e+02 ]
         - [ 8.9712493896484375e+02, 6.1268273925781250e+02 ]
         - [ 5.6881372070312500e+02, 6.6341729736328125e+02 ]
         - [ 6.1452160644531250e+02, 6.6298162841796875e+02 ]
         - [ 6.6061340332031250e+02, 6.6256207275390625e+02 ]
         - [ 7.0718927001953125e+02, 6.6210638427734375e+02 ]
         - [ 7.5413562011718750e+02, 6.6165386962890625e+02 ]
         - [ 8.0158483886718750e+02, 6.6121484375000000e+02 ]
         - [ 8.4972503662109375e+02, 6.6063525390625000e+02 ]
         - [ 8.9844720458984375e+02, 6.6006549072265625e+02 ]
         - [ 5.7121234130859375e+02, 7.0874615478515625e+02 ]
         - [ 6.1679656982421875e+02, 7.0857916259765625e+02 ]
         - [ 6.6277032470703125e+02, 7.0840740966796875e+02 ]
         - [ 7.0918139648437500e+02, 7.0827587890625000e+02 ]
         - [ 7.5586944580078125e+02, 7.0806170654296875e+02 ]
         - [ 8.0328106689453125e+02, 7.0782409667968750e+02 ]
         - [ 8.5121697998046875e+02, 7.0757061767578125e+02 ]
         - [ 8.9973583984375000e+02, 7.0735260009765625e+02 ]
         - [ 5.7354998779296875e+02, 7.5374157714843750e+02 ]
         - [ 6.1898284912109375e+02, 7.5379699707031250e+02 ]
         - [ 6.6482861328125000e+02, 7.5390417480468750e+02 ]
         - [ 7.1104736328125000e+02, 7.5392205810546875e+02 ]
         - [ 7.5760913085937500e+02, 7.5401428222656250e+02 ]
         - [ 8.0476068115234375e+02, 7.5396490478515625e+02 ]
         - [ 8.5259613037109375e+02, 7.5401251220703125e+02 ]
         - [ 9.0093463134765625e+02, 7.5396228027343750e+02 ]
      reprojectPoint:
         - [ 5.6400524902343750e+02, 5.7177514648437500e+02 ]
         - [ 6.0983020019531250e+02, 5.7083953857421875e+02 ]
         - [ 6.5618347167968750e+02, 5.6988586425781250e+02 ]
         - [ 7.0305157470703125e+02, 5.6891461181640625e+02 ]
         - [ 7.5042218017578125e+02, 5.6792687988281250e+02 ]
         - [ 7.9828576660156250e+02, 5.6692401123046875e+02 ]
         - [ 8.4663720703125000e+02, 5.6590795898437500e+02 ]
         - [ 8.9547711181640625e+02, 5.6488085937500000e+02 ]
         - [ 5.6644549560546875e+02, 6.1772381591796875e+02 ]
         - [ 6.1213610839843750e+02, 6.1706140136718750e+02 ]
         - [ 6.5835113525390625e+02, 6.1637719726562500e+02 ]
         - [ 7.0507806396484375e+02, 6.1567187500000000e+02 ]
         - [ 7.5230529785156250e+02, 6.1494653320312500e+02 ]
         - [ 8.0002410888671875e+02, 6.1420336914062500e+02 ]
         - [ 8.4823016357421875e+02, 6.1344519042968750e+02 ]
         - [ 8.9692443847656250e+02, 6.1267510986328125e+02 ]
         - [ 5.6886730957031250e+02, 6.6335894775390625e+02 ]
         - [ 6.1441778564453125e+02, 6.6296551513671875e+02 ]
         - [ 6.6048883056640625e+02, 6.6254754638671875e+02 ]
         - [ 7.0706890869140625e+02, 6.6210559082031250e+02 ]
         - [ 7.5414782714843750e+02, 6.6164123535156250e+02 ]
         - [ 8.0171783447265625e+02, 6.6115710449218750e+02 ]
         - [ 8.4977539062500000e+02, 6.6065673828125000e+02 ]
         - [ 8.9832189941406250e+02, 6.6014428710937500e+02 ]
         - [ 5.7126940917968750e+02, 7.0866857910156250e+02 ]
         - [ 6.1667498779296875e+02, 7.0853979492187500e+02 ]
         - [ 6.6259735107421875e+02, 7.0838488769531250e+02 ]
         - [ 7.0902630615234375e+02, 7.0820422363281250e+02 ]
         - [ 7.5595300292968750e+02, 7.0799975585937500e+02 ]
         - [ 8.0337091064453125e+02, 7.0777459716796875e+02 ]
         - [ 8.5127752685546875e+02, 7.0753289794921875e+02 ]
         - [ 8.9967474365234375e+02, 7.0727941894531250e+02 ]
         - [ 5.7365081787109375e+02, 7.5364581298828125e+02 ]
         - [ 6.1890795898437500e+02, 7.5377752685546875e+02 ]
         - [ 6.6467816162109375e+02, 7.5388244628906250e+02 ]
         - [ 7.1095288085937500e+02, 7.5396130371093750e+02 ]
         - [ 7.5772460937500000e+02, 7.5401605224609375e+02 ]
         - [ 8.0498828125000000e+02, 7.5405017089843750e+02 ]
         - [ 8.5274230957031250e+02, 7.5406829833984375e+02 ]
         - [ 9.0098883056640625e+02, 7.5407543945312500e+02 ]
      charucoIds: []
   -
      isActive: 1
      isCalib: 1
      cameraPath: "D:/PRoG/Git-repos/Camera-calibration-With-OpenCV/DiplomTest/HomeTest/Camera1/Accumulated\\2.png"
      drawPath: NONE
      undistortedPath: "D:/PRoG/Git-repos/Camera-calibration-With-OpenCV/DiplomTest/HomeTest/Camera1/Undistorted/2.png"
      state: Succes
      err: 8.5158309561645262e-01
      imgpoint:
         - [ 5.0523681640625000e+02, 4.1378094482421875e+02 ]
         - [ 5.5215289306640625e+02, 4.1318865966796875e+02 ]
         - [ 5.9940740966796875e+02, 4.1250543212890625e+02 ]
         - [ 6.4695361328125000e+02, 4.1191079711914062e+02 ]
         - [ 6.9487762451171875e+02, 4.1135733032226562e+02 ]
         - [ 7.4336260986328125e+02, 4.1072021484375000e+02 ]
         - [ 7.9234478759765625e+02, 4.1018807983398438e+02 ]
         - [ 8.4175561523437500e+02, 4.0966387939453125e+02 ]
         - [ 5.0642633056640625e+02, 4.6116479492187500e+02 ]
         - [ 5.5327215576171875e+02, 4.6071264648437500e+02 ]
         - [ 6.0039489746093750e+02, 4.6034094238281250e+02 ]
         - [ 6.4784045410156250e+02, 4.5993658447265625e+02 ]
