%YAML:1.0
---
Date: "2022.26.5--12:30:12"
CountImg: 5
RMSE: 1.0993814153945161e-01
MeanErr: 8.0295927156538571e-01
CameraMatrix: !!opencv-matrix
   rows: 3
   cols: 3
   dt: d
   data: [ 8.3975139378103734e+02, 0., 3.2356851296528708e+02, 0.,
       8.3882316965329971e+02, 2.1701899765943347e+02, 0., 0., 1. ]
DistCoeffs: !!opencv-matrix
   rows: 1
   cols: 5
   dt: d
   data: [ 2.2088725232208239e-02, 1.7355086370719324e+00,
       -2.0933127856657772e-02, 1.6232195334904798e-03,
       -8.0383876235271412e+00 ]
R:
   - !!opencv-matrix
      rows: 3
      cols: 1
      dt: d
      data: [ -9.8012527819621401e-02, -2.4586929272480903e-02,
          -2.4459972002794910e-02 ]
   - !!opencv-matrix
      rows: 3
      cols: 1
      dt: d
      data: [ -1.5138167088735416e-01, -1.1613060757166092e-01,
          8.9265086300785376e-02 ]
   - !!opencv-matrix
      rows: 3
      cols: 1
      dt: d
      data: [ -6.8258904919796537e-01, -2.3823669436760483e-01,
          -1.0912954132396735e-01 ]
   - !!opencv-matrix
      rows: 3
      cols: 1
      dt: d
      data: [ -5.3475669988076069e-01, -6.3747316188032399e-01,
          -2.1261236286607119e-01 ]
   - !!opencv-matrix
      rows: 3
      cols: 1
      dt: d
      data: [ -2.8618542163894362e-01, 4.3153716022111677e-01,
          -1.1546204003108727e-01 ]
T:
   - !!opencv-matrix
      rows: 3
      cols: 1
      dt: d
      data: [ -4.6245064383925269e-02, -1.2230634204358465e-02,
          7.2584977139955331e-01 ]
   - !!opencv-matrix
      rows: 3
      cols: 1
      dt: d
      data: [ 3.3610303153369450e-02, -2.9538798660775976e-03,
          7.5672340035458718e-01 ]
   - !!opencv-matrix
      rows: 3
      cols: 1
      dt: d
      data: [ -1.1662005318306468e-01, 4.4172877606722526e-02,
          6.9645433873744222e-01 ]
   - !!opencv-matrix
      rows: 3
      cols: 1
      dt: d
      data: [ -1.4590532916125354e-01, 4.6134282977275932e-02,
          6.7431238153014417e-01 ]
   - !!opencv-matrix
      rows: 3
      cols: 1
      dt: d
      data: [ -1.2213668230606813e-01, -8.7606143649463272e-02,
          7.4566354036427562e-01 ]
Size: [ 480, 640 ]
objectPoints:
   - [ 0., 0., 0., 2.09999997e-02, 0., 0., 4.19999994e-02, 0., 0.,
       6.30000010e-02, 0., 0., 8.39999989e-02, 0., 0., 1.04999997e-01,
       0., 0., 1.26000002e-01, 0., 0., 1.47000000e-01, 0., 0.,
       1.67999998e-01, 0., 0., 0., 2.09999997e-02, 0., 2.09999997e-02,
       2.09999997e-02, 0., 4.19999994e-02, 2.09999997e-02, 0.,
       6.30000010e-02, 2.09999997e-02, 0., 8.39999989e-02,
       2.09999997e-02, 0., 1.04999997e-01, 2.09999997e-02, 0.,
       1.26000002e-01, 2.09999997e-02, 0., 1.47000000e-01,
       2.09999997e-02, 0., 1.67999998e-01, 2.09999997e-02, 0., 0.,
       4.19999994e-02, 0., 2.09999997e-02, 4.19999994e-02, 0.,
       4.19999994e-02, 4.19999994e-02, 0., 6.30000010e-02,
       4.19999994e-02, 0., 8.39999989e-02, 4.19999994e-02, 0.,
       1.04999997e-01, 4.19999994e-02, 0., 1.26000002e-01,
       4.19999994e-02, 0., 1.47000000e-01, 4.19999994e-02, 0.,
       1.67999998e-01, 4.19999994e-02, 0., 0., 6.30000010e-02, 0.,
       2.09999997e-02, 6.30000010e-02, 0., 4.19999994e-02,
       6.30000010e-02, 0., 6.30000010e-02, 6.30000010e-02, 0.,
       8.39999989e-02, 6.30000010e-02, 0., 1.04999997e-01,
       6.30000010e-02, 0., 1.26000002e-01, 6.30000010e-02, 0.,
       1.47000000e-01, 6.30000010e-02, 0., 1.67999998e-01,
       6.30000010e-02, 0., 0., 8.39999989e-02, 0., 2.09999997e-02,
       8.39999989e-02, 0., 4.19999994e-02, 8.39999989e-02, 0.,
       6.30000010e-02, 8.39999989e-02, 0., 8.39999989e-02,
       8.39999989e-02, 0., 1.04999997e-01, 8.39999989e-02, 0.,
       1.26000002e-01, 8.39999989e-02, 0., 1.47000000e-01,
       8.39999989e-02, 0., 1.67999998e-01, 8.39999989e-02, 0., 0.,
       1.04999997e-01, 0., 2.09999997e-02, 1.04999997e-01, 0.,
       4.19999994e-02, 1.04999997e-01, 0., 6.30000010e-02,
       1.04999997e-01, 0., 8.39999989e-02, 1.04999997e-01, 0.,
       1.04999997e-01, 1.04999997e-01, 0., 1.26000002e-01,
       1.04999997e-01, 0., 1.47000000e-01, 1.04999997e-01, 0.,
       1.67999998e-01, 1.04999997e-01, 0. ]
   - [ 0., 0., 0., 2.09999997e-02, 0., 0., 4.19999994e-02, 0., 0.,
       6.30000010e-02, 0., 0., 8.39999989e-02, 0., 0., 1.04999997e-01,
       0., 0., 1.26000002e-01, 0., 0., 1.47000000e-01, 0., 0.,
       1.67999998e-01, 0., 0., 0., 2.09999997e-02, 0., 2.09999997e-02,
       2.09999997e-02, 0., 4.19999994e-02, 2.09999997e-02, 0.,
       6.30000010e-02, 2.09999997e-02, 0., 8.39999989e-02,
       2.09999997e-02, 0., 1.04999997e-01, 2.09999997e-02, 0.,
       1.26000002e-01, 2.09999997e-02, 0., 1.47000000e-01,
       2.09999997e-02, 0., 1.67999998e-01, 2.09999997e-02, 0., 0.,
       4.19999994e-02, 0., 2.09999997e-02, 4.19999994e-02, 0.,
       4.19999994e-02, 4.19999994e-02, 0., 6.30000010e-02,
       4.19999994e-02, 0., 8.39999989e-02, 4.19999994e-02, 0.,
       1.04999997e-01, 4.19999994e-02, 0., 1.26000002e-01,
       4.19999994e-02, 0., 1.47000000e-01, 4.19999994e-02, 0.,
       1.67999998e-01, 4.19999994e-02, 0., 0., 6.30000010e-02, 0.,
       2.09999997e-02, 6.30000010e-02, 0., 4.19999994e-02,
       6.30000010e-02, 0., 6.30000010e-02, 6.30000010e-02, 0.,
       8.39999989e-02, 6.30000010e-02, 0., 1.04999997e-01,
       6.30000010e-02, 0., 1.26000002e-01, 6.30000010e-02, 0.,
       1.47000000e-01, 6.30000010e-02, 0., 1.67999998e-01,
       6.30000010e-02, 0., 0., 8.39999989e-02, 0., 2.09999997e-02,
       8.39999989e-02, 0., 4.19999994e-02, 8.39999989e-02, 0.,
       6.30000010e-02, 8.39999989e-02, 0., 8.39999989e-02,
       8.39999989e-02, 0., 1.04999997e-01, 8.39999989e-02, 0.,
       1.26000002e-01, 8.39999989e-02, 0., 1.47000000e-01,
       8.39999989e-02, 0., 1.67999998e-01, 8.39999989e-02, 0., 0.,
       1.04999997e-01, 0., 2.09999997e-02, 1.04999997e-01, 0.,
       4.19999994e-02, 1.04999997e-01, 0., 6.30000010e-02,
       1.04999997e-01, 0., 8.39999989e-02, 1.04999997e-01, 0.,
       1.04999997e-01, 1.04999997e-01, 0., 1.26000002e-01,
       1.04999997e-01, 0., 1.47000000e-01, 1.04999997e-01, 0.,
       1.67999998e-01, 1.04999997e-01, 0. ]
   - [ 0., 0., 0., 2.09999997e-02, 0., 0., 4.19999994e-02, 0., 0.,
       6.30000010e-02, 0., 0., 8.39999989e-02, 0., 0., 1.04999997e-01,
       0., 0., 1.26000002e-01, 0., 0., 1.47000000e-01, 0., 0.,
       1.67999998e-01, 0., 0., 0., 2.09999997e-02, 0., 2.09999997e-02,
       2.09999997e-02, 0., 4.19999994e-02, 2.09999997e-02, 0.,
       6.30000010e-02, 2.09999997e-02, 0., 8.39999989e-02,
       2.09999997e-02, 0., 1.04999997e-01, 2.09999997e-02, 0.,
       1.26000002e-01, 2.09999997e-02, 0., 1.47000000e-01,
       2.09999997e-02, 0., 1.67999998e-01, 2.09999997e-02, 0., 0.,
       4.19999994e-02, 0., 2.09999997e-02, 4.19999994e-02, 0.,
       4.19999994e-02, 4.19999994e-02, 0., 6.30000010e-02,
       4.19999994e-02, 0., 8.39999989e-02, 4.19999994e-02, 0.,
       1.04999997e-01, 4.19999994e-02, 0., 1.26000002e-01,
       4.19999994e-02, 0., 1.47000000e-01, 4.19999994e-02, 0.,
       1.67999998e-01, 4.19999994e-02, 0., 0., 6.30000010e-02, 0.,
       2.09999997e-02, 6.30000010e-02, 0., 4.19999994e-02,
       6.30000010e-02, 0., 6.30000010e-02, 6.30000010e-02, 0.,
       8.39999989e-02, 6.30000010e-02, 0., 1.04999997e-01,
       6.30000010e-02, 0., 1.26000002e-01, 6.30000010e-02, 0.,
       1.47000000e-01, 6.30000010e-02, 0., 1.67999998e-01,
       6.30000010e-02, 0., 0., 8.39999989e-02, 0., 2.09999997e-02,
       8.39999989e-02, 0., 4.19999994e-02, 8.39999989e-02, 0.,
       6.30000010e-02, 8.39999989e-02, 0., 8.39999989e-02,
       8.39999989e-02, 0., 1.04999997e-01, 8.39999989e-02, 0.,
       1.26000002e-01, 8.39999989e-02, 0., 1.47000000e-01,
       8.39999989e-02, 0., 1.67999998e-01, 8.39999989e-02, 0., 0.,
       1.04999997e-01, 0., 2.09999997e-02, 1.04999997e-01, 0.,
       4.19999994e-02, 1.04999997e-01, 0., 6.30000010e-02,
       1.04999997e-01, 0., 8.39999989e-02, 1.04999997e-01, 0.,
