%YAML:1.0
---
Date: "2022.02.6--17:20:40"
Pattern: Chessboard
SizePattern: "5 x 8"
CountPair: 8
RMSE: 1.5111692580936456e-01
AverageReprojectionErr: 1.5567162036895751e-01
cameraMatrixFirst: !!opencv-matrix
   rows: 3
   cols: 3
   dt: d
   data: [ 1.4494009379866973e+03, 0., 6.2156800715187012e+02, 0.,
       1.4459445305600741e+03, 4.9651260228548153e+02, 0., 0., 1. ]
cameraMatrixSecond: !!opencv-matrix
   rows: 3
   cols: 3
   dt: d
   data: [ 1.4606911731750210e+03, 0., 6.6166942262476664e+02, 0.,
       1.4562233542224308e+03, 4.9146034284250544e+02, 0., 0., 1. ]
DistCoeffsFirst: !!opencv-matrix
   rows: 1
   cols: 5
   dt: d
   data: [ -5.2852411470302403e-02, 1.1888396633319352e-01,
       -3.4291796356570236e-04, 1.7412294371693816e-03,
       -1.7252479939362697e-01 ]
DistCoeffsSecond: !!opencv-matrix
   rows: 1
   cols: 5
   dt: d
   data: [ -6.7894444519606967e-02, 1.7328360122698286e-01,
       -2.0491482084381216e-03, -2.1905165688541044e-03,
       -5.4265630674504912e-02 ]
R: !!opencv-matrix
   rows: 3
   cols: 3
   dt: d
   data: [ 9.9919212763992860e-01, -2.7979870607770505e-03,
       -4.0090688829205252e-02, 2.8217008644343404e-03,
       9.9999587591780581e-01, 5.3493140864959083e-04,
       4.0089026760749498e-02, -6.4762318367515262e-04,
       9.9919590197197450e-01 ]
T: !!opencv-matrix
   rows: 3
   cols: 1
   dt: d
   data: [ 2.2514290109154353e-01, -4.0622920203769178e-04,
       7.0910798116812310e-03 ]
E: !!opencv-matrix
   rows: 3
   cols: 3
   dt: d
   data: [ -3.6294239385880776e-05, -7.0907874840361162e-03,
       -4.0969579524991617e-04, -1.9404086625533536e-03,
       1.2596701282674398e-04, -2.2524615040294504e-01,
       1.0411869393247752e-03, 2.2514083595966297e-01,
       1.0415000069612543e-04 ]
F: !!opencv-matrix
   rows: 3
   cols: 3
   dt: d
   data: [ 6.0699401109975282e-09, 1.1887159263863566e-06,
       -4.9467445655286806e-04, 3.2551448928137576e-07,
       -2.1182189826560927e-08, 5.4575702752474600e-02,
       -4.1834497523228991e-04, -5.5907180229430878e-02, 1. ]
R1: !!opencv-matrix
   rows: 3
   cols: 3
   dt: d
   data: [ 9.9995220032720633e-01, -4.6203956212711719e-03,
       -8.6167862385845943e-03, 4.6225966186565952e-03,
       9.9998928800511888e-01, 2.3553241053482962e-04,
       8.6156056826962157e-03, -2.7535307909284533e-04,
       9.9996284706953098e-01 ]
R2: !!opencv-matrix
   rows: 3
   cols: 3
   dt: d
   data: [ 9.9950274728613253e-01, -1.8034199679245006e-03,
       3.1480245295943322e-02, 1.8114624052829971e-03,
       9.9999833354566081e-01, -2.2695782740140872e-04,
       -3.1479783535274142e-02, 2.8387025286848454e-04,
       9.9950434848791525e-01 ]
P1: !!opencv-matrix
   rows: 3
   cols: 4
   dt: d
   data: [ 1.4510839423912525e+03, 0., 6.3789418029785156e+02, 0., 0.,
       1.4510839423912525e+03, 4.9320806884765625e+02, 0., 0., 0., 1.,
       0. ]
P2: !!opencv-matrix
   rows: 3
   cols: 4
   dt: d
   data: [ 1.4510839423912525e+03, 0., 6.0470463562011719e+02,
       3.2686378242019418e+02, 0., 1.4510839423912525e+03,
       4.9320806884765625e+02, 0., 0., 0., 1., 0. ]
Q: !!opencv-matrix
   rows: 4
   cols: 4
   dt: d
   data: [ 1., 0., 0., -6.3789418029785156e+02, 0., 1., 0.,
       -4.9320806884765625e+02, 0., 0., 0., 1.4510839423912525e+03, 0.,
       0., -4.4394148891229444e+00, 1.4734215880554515e+02 ]
ImgSize: [ 1280, 960 ]
