%YAML:1.0
---
Date: "2022.26.5--12:31:48"
Pattern: Circles
SizePattern: "6 x 9"
CountPair: 5
RMSE: 1.5184374478336043e-01
AverageReprojectionErr: 2.0818176269531249e-01
cameraMatrixFirst: !!opencv-matrix
   rows: 3
   cols: 3
   dt: d
   data: [ 8.2627972791269303e+02, 0., 3.2149350939097172e+02, 0.,
       8.2646004951602060e+02, 2.2949806132595057e+02, 0., 0., 1. ]
cameraMatrixSecond: !!opencv-matrix
   rows: 3
   cols: 3
   dt: d
   data: [ 8.4374059675503167e+02, 0., 2.6563621466151551e+02, 0.,
       8.4499370001613693e+02, 2.1611964938659267e+02, 0., 0., 1. ]
DistCoeffsFirst: !!opencv-matrix
   rows: 1
   cols: 5
   dt: d
   data: [ -6.9774275998327737e-02, 3.0398915292080098e+00,
       -2.1961046393074512e-02, 1.6271604501699344e-03,
       -1.4589968277556611e+01 ]
DistCoeffsSecond: !!opencv-matrix
   rows: 1
   cols: 5
   dt: d
   data: [ 4.1776770012091784e-02, 1.9170673441267045e+00,
       -2.6536724163024945e-02, -1.7342180057491663e-02,
       -7.7618766812482347e+00 ]
R: !!opencv-matrix
   rows: 3
   cols: 3
   dt: d
   data: [ 9.9859009366383089e-01, -8.8353954882157953e-03,
       5.2342722732278309e-02, 7.3493164194002461e-03,
       9.9956631638860682e-01, 2.8516077736588628e-02,
       -5.2571973375829091e-02, -2.8091189506292674e-02,
       9.9822195562284277e-01 ]
T: !!opencv-matrix
   rows: 3
   cols: 1
   dt: d
   data: [ -9.5431337814785466e-02, 1.3724795774028048e-04,
       1.8655286662147275e-02 ]
E: !!opencv-matrix
   rows: 3
   cols: 3
   dt: d
   data: [ -1.4431900055494632e-04, -1.8651051628446293e-02,
       -3.9497167987539257e-04, 1.3611970704460609e-02,
       -2.8456066310002812e-03, 9.6238125158427237e-02,
       -8.3840954890257056e-04, -9.5388738167575274e-02,
       -2.7285113794306430e-03 ]
F: !!opencv-matrix
   rows: 3
   cols: 3
   dt: d
   data: [ 2.3007917505556497e-07, 2.9727771633691414e-05,
       -6.3761432715504045e-03, -2.1668571402144533e-05,
       4.5288649554260914e-06, -1.2065843357574474e-01,
       5.7496525979722785e-03, 1.1940626129231280e-01, 1. ]
R1: !!opencv-matrix
   rows: 3
   cols: 3
   dt: d
   data: [ 9.9011475879152888e-01, -4.6927544486072958e-03,
       -1.4018110599819592e-01, 6.7278455023202016e-03,
       9.9987869858775391e-01, 1.4047213437425893e-02,
       1.4009818170871913e-01, -1.4851470167790299e-02,
       9.9002622859991241e-01 ]
R2: !!opencv-matrix
   rows: 3
   cols: 3
   dt: d
   data: [ 9.8142279129748944e-01, -1.4114679398791407e-03,
       -1.9185231945457201e-01, -1.3806944738310280e-03,
       9.9989508407857675e-01, -1.4419241251398970e-02,
       1.9185254338844299e-01, 1.4416261434602473e-02,
       9.8131787561505002e-01 ]
P1: !!opencv-matrix
   rows: 3
   cols: 4
   dt: d
   data: [ 8.3572687476607871e+02, 0., 3.6983118438720703e+02, 0., 0.,
       8.3572687476607871e+02, 1.3292563247680664e+02, 0., 0., 0., 1.,
       0. ]
P2: !!opencv-matrix
   rows: 3
   cols: 4
   dt: d
   data: [ 8.3572687476607871e+02, 0., 3.0404109573364258e+02,
       -8.1264195628936974e+01, 0., 8.3572687476607871e+02,
       1.3292563247680664e+02, 0., 0., 0., 1., 0. ]
Q: !!opencv-matrix
   rows: 4
   cols: 4
   dt: d
   data: [ 1., 0., 0., -3.6983118438720703e+02, 0., 1., 0.,
       -1.3292563247680664e+02, 0., 0., 0., 8.3572687476607871e+02, 0.,
       0., 1.0284072441719818e+01, -6.7659003766042588e+02 ]
ImgSize: [ 640, 480 ]
