%YAML:1.0
---
FirstCameraName: USB Video Device
FirstCameraIndex: 1
SecondCameraName: USB Video Device
SecondCameraIndex: 2
Exposure: 10.
Gain: 0.
Pattern: ChArUco
Row: 6
Col: 9
CheckerSize: 2.1000000000000001e-02
MarkerSize: 1.6000000000000000e-02
DictionaryName: DICT_5X5_100
isWebCamera: 1
isBaslerCamera: 0
SettingCalibration:
   isUseParametr: 0
   isFixedFocal: 0
   isFixedAspectRatio: 0
   isFixedPrincipalPoint: 0
   isfixedK1: 0
   isfixedK2: 0
   isfixedK3: 0
   isfixedK4: 0
   iszeroTangent: 0
   isCaibration: 0
   isStereoCaibration: 1
   numCamera: 1
   cameraModel: 0
   fx: 8.1965985980000005e+02
   fy: 8.1546705029999998e+02
   cx: 3.3276558039999998e+02
   cy: 2.4697900890000000e+02
   k1: 8.1411000000000001e-03
   k2: 9.2054990000000003e-01
   k3: 0.
   k4: 0.
   isSameFocalLengStereo: 0
   isfixAspectRatioStereo: 0
   isfixFocalLengthStereo: 0
   isfixPrincipalPointStereo: 0
   isUseSingleCalibratedInStereo: 0
   iszeroTangentS: 0
   isfixedK1S: 0
   isfixedK2S: 0
   isfixedK3S: 0
   fx1: 8.1965985980000005e+02
   fy1: 8.1546705029999998e+02
   fx2: 8.0675853020000000e+02
   fy2: 8.0232710090000000e+02
   cx1: 3.3276558039999998e+02
   cy1: 2.4697900890000000e+02
   cx1: 3.3276558039999998e+02
   cx2: 3.1719883090000002e+02
   cy2: 2.6010537620000002e+02
   k1S1: 8.1411000000000001e-03
   k2S1: 9.2054990000000003e-01
   k3S1: 0.
   k1S2: 2.8883099999999998e-02
   k2S2: 4.4535599999999997e-01
   k3S2: 0.
ImageInfoCamera1:
   -
      isActive: 1
      isCalib: 1
      cameraPath: "D:/PRoG/Git-repos/Camera-calibration-With-OpenCV/DebugTest/Charuc/Camera1/Accumulated/1.png"
      drawPath: NONE
      undistortedPath: "D:/PRoG/Git-repos/Camera-calibration-With-OpenCV/DebugTest/Charuc/Camera1/Undistorted/1.png"
      state: Succes
      err: 8.7657936976365280e-01
      imgpoint:
         - [ 2.6907650756835938e+02, 3.1393557739257812e+02 ]
         - [ 2.9812902832031250e+02, 3.1472283935546875e+02 ]
         - [ 3.2729519653320312e+02, 3.1550045776367188e+02 ]
         - [ 3.5618853759765625e+02, 3.1648532104492188e+02 ]
         - [ 3.8470184326171875e+02, 3.1722338867187500e+02 ]
         - [ 4.1324478149414062e+02, 3.1804461669921875e+02 ]
         - [ 4.4188342285156250e+02, 3.1887753295898438e+02 ]
         - [ 4.7065698242187500e+02, 3.1995791625976562e+02 ]
         - [ 2.7003637695312500e+02, 2.8537542724609375e+02 ]
         - [ 2.9909109497070312e+02, 2.8612191772460938e+02 ]
         - [ 3.2795742797851562e+02, 2.8709466552734375e+02 ]
         - [ 3.5641687011718750e+02, 2.8800277709960938e+02 ]
         - [ 3.8495913696289062e+02, 2.8903234863281250e+02 ]
         - [ 4.1332278442382812e+02, 2.8986141967773438e+02 ]
         - [ 4.4186312866210938e+02, 2.9082577514648438e+02 ]
         - [ 4.7017031860351562e+02, 2.9149325561523438e+02 ]
         - [ 2.7107061767578125e+02, 2.5724224853515625e+02 ]
         - [ 2.9991986083984375e+02, 2.5813290405273438e+02 ]
         - [ 3.2855926513671875e+02, 2.5909802246093750e+02 ]
         - [ 3.5693118286132812e+02, 2.6006970214843750e+02 ]
         - [ 3.8512756347656250e+02, 2.6096401977539062e+02 ]
         - [ 4.1330667114257812e+02, 2.6200588989257812e+02 ]
         - [ 4.4156240844726562e+02, 2.6284542846679688e+02 ]
         - [ 4.6989785766601562e+02, 2.6386950683593750e+02 ]
         - [ 2.7206335449218750e+02, 2.2946354675292969e+02 ]
         - [ 3.0076736450195312e+02, 2.3029574584960938e+02 ]
         - [ 3.2900817871093750e+02, 2.3142893981933594e+02 ]
         - [ 3.5724179077148438e+02, 2.3232118225097656e+02 ]
         - [ 3.8529315185546875e+02, 2.3335874938964844e+02 ]
         - [ 4.1328140258789062e+02, 2.3422366333007812e+02 ]
         - [ 4.4121942138671875e+02, 2.3516818237304688e+02 ]
         - [ 4.6927624511718750e+02, 2.3619860839843750e+02 ]
         - [ 2.7309719848632812e+02, 2.0201777648925781e+02 ]
         - [ 3.0151016235351562e+02, 2.0303816223144531e+02 ]
         - [ 3.2972833251953125e+02, 2.0402561950683594e+02 ]
         - [ 3.5769467163085938e+02, 2.0516059875488281e+02 ]
         - [ 3.8546234130859375e+02, 2.0612301635742188e+02 ]
         - [ 4.1325366210937500e+02, 2.0725700378417969e+02 ]
         - [ 4.4104367065429688e+02, 2.0826315307617188e+02 ]
         - [ 4.6899331665039062e+02, 2.0925999450683594e+02 ]
      reprojectPoint:
         - [ 2.6913061523437500e+02, 3.1387924194335938e+02 ]
         - [ 2.9821777343750000e+02, 3.1474114990234375e+02 ]
         - [ 3.2718652343750000e+02, 3.1559689331054688e+02 ]
         - [ 3.5604345703125000e+02, 3.1644543457031250e+02 ]
         - [ 3.8479446411132812e+02, 3.1728768920898438e+02 ]
         - [ 4.1344863891601562e+02, 3.1812667846679688e+02 ]
         - [ 4.4202139282226562e+02, 3.1896670532226562e+02 ]
         - [ 4.7053497314453125e+02, 3.1981274414062500e+02 ]
         - [ 2.7015521240234375e+02, 2.8530917358398438e+02 ]
         - [ 2.9902810668945312e+02, 2.8622753906250000e+02 ]
         - [ 3.2778622436523438e+02, 2.8713681030273438e+02 ]
         - [ 3.5643438720703125e+02, 2.8803637695312500e+02 ]
         - [ 3.8497668457031250e+02, 2.8892697143554688e+02 ]
         - [ 4.1342071533203125e+02, 2.8981045532226562e+02 ]
         - [ 4.4178048706054688e+02, 2.9068978881835938e+02 ]
         - [ 4.7007772827148438e+02, 2.9156838989257812e+02 ]
         - [ 2.7116790771484375e+02, 2.5714517211914062e+02 ]
         - [ 2.9983230590820312e+02, 2.5811645507812500e+02 ]
         - [ 3.2838455200195312e+02, 2.5907693481445312e+02 ]
         - [ 3.5682852172851562e+02, 2.6002661132812500e+02 ]
         - [ 3.8516738891601562e+02, 2.6096582031250000e+02 ]
         - [ 4.1340783691406250e+02, 2.6189535522460938e+02 ]
         - [ 4.4156304931640625e+02, 2.6281649780273438e+02 ]
         - [ 4.6965399169921875e+02, 2.6373083496093750e+02 ]
         - [ 2.7217065429687500e+02, 2.2937290954589844e+02 ]
         - [ 3.0063146972656250e+02, 2.3039503479003906e+02 ]
         - [ 3.2898162841796875e+02, 2.3140505981445312e+02 ]
         - [ 3.5722500610351562e+02, 2.3240356445312500e+02 ]
         - [ 3.8536477661132812e+02, 2.3339057922363281e+02 ]
         - [ 4.1340734863281250e+02, 2.3436585998535156e+02 ]
         - [ 4.4136550903320312e+02, 2.3532907104492188e+02 ]
         - [ 4.6925955200195312e+02, 2.3628001403808594e+02 ]
         - [ 2.7316366577148438e+02, 2.0198036193847656e+02 ]
         - [ 3.0142550659179688e+02, 2.0305264282226562e+02 ]
         - [ 3.2957733154296875e+02, 2.0411114501953125e+02 ]
         - [ 3.5762368774414062e+02, 2.0515696716308594e+02 ]
         - [ 3.8556848144531250e+02, 2.0618998718261719e+02 ]
         - [ 4.1341857910156250e+02, 2.0720907592773438e+02 ]
         - [ 4.4118676757812500e+02, 2.0821252441406250e+02 ]
         - [ 4.6889270019531250e+02, 2.0919850158691406e+02 ]
      charucoIds: [ 0, 1, 2, 3, 4, 5, 6, 7, 8, 9, 10, 11, 12, 13, 14, 15,
          16, 17, 18, 19, 20, 21, 22, 23, 24, 25, 26, 27, 28, 29, 30, 31,
          32, 33, 34, 35, 36, 37, 38, 39 ]
   -
      isActive: 1
      isCalib: 1
      cameraPath: "D:/PRoG/Git-repos/Camera-calibration-With-OpenCV/DebugTest/Charuc/Camera1/Accumulated/2.png"
      drawPath: NONE
      undistortedPath: "D:/PRoG/Git-repos/Camera-calibration-With-OpenCV/DebugTest/Charuc/Camera1/Undistorted/2.png"
      state: Succes
      err: 7.4582642458328940e-01
      imgpoint:
         - [ 1.7324357604980469e+02, 3.4014727783203125e+02 ]
         - [ 2.0293916320800781e+02, 3.3996826171875000e+02 ]
         - [ 2.3246981811523438e+02, 3.3939782714843750e+02 ]
         - [ 2.6208666992187500e+02, 3.3928732299804688e+02 ]
         - [ 2.9189843750000000e+02, 3.3887841796875000e+02 ]
         - [ 3.2184796142578125e+02, 3.3863110351562500e+02 ]
         - [ 3.5199716186523438e+02, 3.3822625732421875e+02 ]
         - [ 3.8231259155273438e+02, 3.3796405029296875e+02 ]
         - [ 1.7506919860839844e+02, 3.1108941650390625e+02 ]
         - [ 2.0418238830566406e+02, 3.1079293823242188e+02 ]
