%YAML:1.0
---
Date: "2022.24.5--18:56:02"
CountImg: 14
RMSE: 1.0717145031176005e-01
MeanErr: 6.6982009246544727e-01
CameraMatrix: !!opencv-matrix
   rows: 3
   cols: 3
   dt: d
   data: [ 8.4512498059999996e+02, 0., 3.1043677760000003e+02, 0.,
       8.4257937310000000e+02, 2.5526796959999999e+02, 0., 0., 1. ]
DistCoeffs: !!opencv-matrix
   rows: 1
   cols: 12
   dt: d
   data: [ 2.4797199999999998e-02, 1.3463149000000001e+00, 0., 0.,
       -4.0011676274937287e+00, 0., 0., 6.3678821785974027e-01,
       3.3693289933690389e-03, 1.1656462475632621e-02,
       -7.1940688241008512e-04, -4.5238687796796415e-03 ]
R:
   - !!opencv-matrix
      rows: 3
      cols: 1
      dt: d
      data: [ -4.5263664731386780e-02, 1.3196112988162498e-01,
          1.5862256690651249e+00 ]
   - !!opencv-matrix
      rows: 3
      cols: 1
      dt: d
      data: [ -5.4080308455539345e-03, 2.1238855861879605e-01,
          1.5274522312855348e+00 ]
   - !!opencv-matrix
      rows: 3
      cols: 1
      dt: d
      data: [ -7.3556452468893446e-02, 1.6131660229662209e-01,
          1.5430443445626529e+00 ]
   - !!opencv-matrix
      rows: 3
      cols: 1
      dt: d
      data: [ -5.7283346461620671e-02, 9.7047279345202117e-02,
          1.4907708884736315e+00 ]
   - !!opencv-matrix
      rows: 3
      cols: 1
      dt: d
      data: [ 9.6395752312050074e-03, 2.4741004042665528e-02,
          1.5183149939911469e+00 ]
   - !!opencv-matrix
      rows: 3
      cols: 1
      dt: d
      data: [ 5.2957846612880631e-02, -8.9212940953642978e-03,
          1.5559924127359204e+00 ]
   - !!opencv-matrix
      rows: 3
      cols: 1
      dt: d
      data: [ 2.9702694374801174e-02, -8.1954790726774085e-02,
          1.5449810108459310e+00 ]
   - !!opencv-matrix
      rows: 3
      cols: 1
      dt: d
      data: [ 3.6400177103753145e-01, 5.5776083659023157e-01,
          1.4934249403595097e+00 ]
   - !!opencv-matrix
      rows: 3
      cols: 1
      dt: d
      data: [ -3.9204240261930917e-01, -1.9916121193707620e-01,
          1.5221811583071525e+00 ]
   - !!opencv-matrix
      rows: 3
      cols: 1
      dt: d
      data: [ -1.7566239197826738e-01, -3.3135169087046168e-02,
          1.4777287582533403e+00 ]
   - !!opencv-matrix
      rows: 3
      cols: 1
      dt: d
      data: [ -1.6281656333172675e-01, 8.7111461749971419e-02,
          1.4972752291564850e+00 ]
   - !!opencv-matrix
      rows: 3
      cols: 1
      dt: d
      data: [ -3.7079813071292583e-01, -1.9078691041035328e-01,
          1.4979020909262928e+00 ]
   - !!opencv-matrix
      rows: 3
      cols: 1
      dt: d
      data: [ -5.2037970821852875e-01, 1.8812080183143765e-01,
          1.4525600484233987e+00 ]
   - !!opencv-matrix
      rows: 3
      cols: 1
      dt: d
      data: [ -1.1046367827525780e-01, 2.7329214357066506e-01,
          1.3801938466627734e+00 ]
T:
   - !!opencv-matrix
      rows: 3
      cols: 1
      dt: d
      data: [ -1.7482684901449470e+00, 3.4711909198403300e-02,
          2.8601979285747113e+01 ]
   - !!opencv-matrix
      rows: 3
      cols: 1
      dt: d
      data: [ -2.2555894957411335e+00, -3.4710173911668254e+00,
          2.8274100684290033e+01 ]
   - !!opencv-matrix
      rows: 3
      cols: 1
      dt: d
      data: [ -1.9524738013103276e+00, -6.7994577964874088e+00,
          2.8278529104050751e+01 ]
   - !!opencv-matrix
      rows: 3
      cols: 1
      dt: d
      data: [ 1.2812601768172809e+00, -6.6653633855706431e+00,
          2.7530083326014680e+01 ]
   - !!opencv-matrix
      rows: 3
      cols: 1
      dt: d
      data: [ 4.3585647006799269e+00, -7.2061968754191721e+00,
          2.7417978339348643e+01 ]
   - !!opencv-matrix
      rows: 3
      cols: 1
      dt: d
      data: [ 4.7452378276385518e+00, -3.6775067433650936e+00,
          2.7879265132484772e+01 ]
   - !!opencv-matrix
      rows: 3
      cols: 1
      dt: d
      data: [ 5.3893922829930370e+00, 2.0965831055808768e+00,
          3.0123191072585470e+01 ]
   - !!opencv-matrix
      rows: 3
      cols: 1
      dt: d
      data: [ 3.4830191231939973e+00, -7.6078535482873089e-01,
          3.0063393310787117e+01 ]
   - !!opencv-matrix
      rows: 3
      cols: 1
      dt: d
      data: [ 8.1709494747136358e+00, -1.9608488627809531e-01,
          3.9311835768614841e+01 ]
   - !!opencv-matrix
      rows: 3
      cols: 1
      dt: d
      data: [ 3.4166205289896987e+00, -3.8477682937881141e+00,
          2.5979747083902893e+01 ]
   - !!opencv-matrix
      rows: 3
      cols: 1
      dt: d
      data: [ 3.7328175575546831e+00, -6.5103549714615347e+00,
          3.3611649508941419e+01 ]
   - !!opencv-matrix
      rows: 3
      cols: 1
      dt: d
      data: [ -1.4957056036515102e+00, -4.4949067636831330e+00,
          3.7334726519242722e+01 ]
   - !!opencv-matrix
      rows: 3
      cols: 1
      dt: d
      data: [ -3.3769702449743071e+00, -3.8318181693276665e-01,
          3.5437798104264665e+01 ]
   - !!opencv-matrix
      rows: 3
      cols: 1
      dt: d
      data: [ 7.7719773634408917e-01, -7.9342970890320590e+00,
          2.9767852682538571e+01 ]
Size: [ 480, 640 ]
