%YAML:1.0
---
Date: "2022.25.5--10:39:39"
Pattern: Chessboard
SizePattern: "5 x 8"
CountPair: 10
RMSE: 6.6751083072957300e+01
AverageReprojectionErr: 7.9555255073308944e+00
cameraMatrixFirst: !!opencv-matrix
   rows: 3
   cols: 3
   dt: d
   data: [ 1.6016565711000001e+03, 0., 5.6852201149999996e+02, 0.,
       1.5990989921000000e+03, 5.1437665110000000e+02, 0., 0., 1. ]
cameraMatrixSecond: !!opencv-matrix
   rows: 3
   cols: 3
   dt: d
   data: [ 1.7756851535000001e+03, 0., 5.3720547620000002e+02, 0.,
       1.7726416604999999e+03, 5.3007499259999997e+02, 0., 0., 1. ]
DistCoeffsFirst: !!opencv-matrix
   rows: 1
   cols: 5
   dt: d
   data: [ 0., 1.0986050000000000e-01, 0., 0., 5.0875119999999996e-01 ]
DistCoeffsSecond: !!opencv-matrix
   rows: 1
   cols: 5
   dt: d
   data: [ 0., 0., 0., 0., 9.5935669999999995e-01 ]
R: !!opencv-matrix
   rows: 3
   cols: 3
   dt: d
   data: [ 9.8221789551614747e-01, -4.2540276197780100e-02,
       1.8286150668975401e-01, 4.2207813592235618e-02,
       9.9909252821827077e-01, 5.7114385391786740e-03,
       -1.8293853120541190e-01, 2.1083072452345994e-03,
       9.8312209254037530e-01 ]
T: !!opencv-matrix
   rows: 3
   cols: 1
   dt: d
   data: [ 6.0737318719427232e-02, -3.4710326203393222e-03,
       5.6098313610704283e-02 ]
E: !!opencv-matrix
   rows: 3
   cols: 3
   dt: d
   data: [ -1.7328015543884329e-03, -5.6054723977321877e-02,
       -3.7328509233230042e-03, 6.6211963412597802e-02,
       -2.5144906843413382e-03, -4.9453977725127288e-02,
       5.9728997822193755e-03, 6.0534542630230719e-02,
       9.8161571762504828e-04 ]
F: !!opencv-matrix
   rows: 3
   cols: 3
   dt: d
   data: [ 1.7173338573841149e-07, 5.5643209478026189e-06,
       -2.3672533367125577e-03, -6.5733594505141224e-06,
       2.5003165543629544e-07, 1.1472091440940706e-02,
       2.3409857411311129e-03, -1.3791836237844154e-02, 1. ]
R1: !!opencv-matrix
   rows: 3
   cols: 3
   dt: d
   data: [ 5.9512186231583752e-01, -7.1699863950315620e-02,
       8.0043057069506995e-01, 7.6123229874156845e-02,
       9.9656302473156333e-01, 3.2670959756390491e-02,
       -8.0002201398914985e-01, 4.1488157917454492e-02,
       5.9853446841878766e-01 ]
R2: !!opencv-matrix
   rows: 3
   cols: 3
   dt: d
   data: [ 7.3395741535314230e-01, -4.1944395708331285e-02,
       6.7789909287208638e-01, 3.8349793252364248e-02,
       9.9905826518313656e-01, 2.0294731502589272e-02,
       -6.7811194194294777e-01, 1.1101821378683378e-02,
       7.3487478100451908e-01 ]
P1: !!opencv-matrix
   rows: 3
   cols: 4
   dt: d
   data: [ 1.6858703263000000e+03, 0., -3.5250500488281250e+03, 0., 0.,
       1.6858703263000000e+03, 4.3783638381958008e+02, 0., 0., 0., 1.,
       0. ]
P2: !!opencv-matrix
   rows: 3
   cols: 4
   dt: d
   data: [ 1.6858703263000000e+03, 0., -1.5898283538818359e+03,
       1.3951115035582902e+02, 0., 1.6858703263000000e+03,
       4.3783638381958008e+02, 0., 0., 0., 1., 0. ]
Q: !!opencv-matrix
   rows: 4
   cols: 4
   dt: d
   data: [ 1., 0., 0., 3.5250500488281250e+03, 0., 1., 0.,
       -4.3783638381958008e+02, 0., 0., 0., 1.6858703263000000e+03, 0.,
       0., -1.2084126050140920e+01, -2.3385462896698315e+04 ]
ImgSize: [ 1280, 960 ]
