%YAML:1.0
---
Date: "2022.02.6--17:12:15"
CountImg: 5
RMSE: 2.1294686755472489e-01
MeanErr: 1.3425028965808121e+00
CameraMatrix: !!opencv-matrix
   rows: 3
   cols: 3
   dt: d
   data: [ 1.5642540448803666e+03, 0., 6.5413125871408045e+02, 0.,
       1.5579467386489171e+03, 4.8627837827040361e+02, 0., 0., 1. ]
DistCoeffs: !!opencv-matrix
   rows: 1
   cols: 14
   dt: d
   data: [ 0., 0., 0., 0., 1.1747423599109339e+00,
       7.8110547232754846e-02, 0., 0., 0., 0., 0., 0., 0., 0. ]
R:
   - !!opencv-matrix
      rows: 3
      cols: 1
      dt: d
      data: [ -3.1196299371354552e+00, 5.5942497500473289e-02,
          -4.6908918729031329e-02 ]
   - !!opencv-matrix
      rows: 3
      cols: 1
      dt: d
      data: [ -3.1112874333780880e+00, -2.7551578212588648e-02,
          -1.8743496964424713e-01 ]
   - !!opencv-matrix
      rows: 3
      cols: 1
      dt: d
      data: [ 3.1261965433068646e+00, 1.1953470810568289e-02,
          8.8348974188279760e-04 ]
   - !!opencv-matrix
      rows: 3
      cols: 1
      dt: d
      data: [ 3.0800095351493710e+00, -3.5497179742333539e-02,
          2.1308751155400197e-02 ]
   - !!opencv-matrix
      rows: 3
      cols: 1
      dt: d
      data: [ 3.1514772987199779e+00, -1.6389130172151035e-02,
          -8.0471009874510654e-02 ]
T:
   - !!opencv-matrix
      rows: 3
      cols: 1
      dt: d
      data: [ 2.7811764228726627e-02, 1.7021811642076962e-01,
          6.2626468058902007e-01 ]
   - !!opencv-matrix
      rows: 3
      cols: 1
      dt: d
      data: [ 1.6141253665683471e-02, 8.4645381031945507e-02,
          5.8694733282129108e-01 ]
   - !!opencv-matrix
      rows: 3
      cols: 1
      dt: d
      data: [ 6.5043891244704975e-03, 1.6671861249536967e-02,
          5.7732541784074176e-01 ]
   - !!opencv-matrix
      rows: 3
      cols: 1
      dt: d
      data: [ -2.1184326866384279e-03, -3.9218414122127232e-02,
          5.7107372726849681e-01 ]
   - !!opencv-matrix
      rows: 3
      cols: 1
      dt: d
      data: [ -9.3006315688035662e-02, -2.4055239151750112e-02,
          5.5348709327212353e-01 ]
Size: [ 960, 1280 ]
objectPoints:
   - [ 2.09999997e-02, 2.09999997e-02, 0., 4.19999994e-02,
       2.09999997e-02, 0., 6.30000010e-02, 2.09999997e-02, 0.,
       8.39999989e-02, 2.09999997e-02, 0., 1.04999997e-01,
       2.09999997e-02, 0., 1.26000002e-01, 2.09999997e-02, 0.,
       1.47000000e-01, 2.09999997e-02, 0., 1.67999998e-01,
       2.09999997e-02, 0., 2.09999997e-02, 4.19999994e-02, 0.,
       4.19999994e-02, 4.19999994e-02, 0., 6.30000010e-02,
       4.19999994e-02, 0., 8.39999989e-02, 4.19999994e-02, 0.,
       1.04999997e-01, 4.19999994e-02, 0., 1.26000002e-01,
       4.19999994e-02, 0., 1.47000000e-01, 4.19999994e-02, 0.,
       1.67999998e-01, 4.19999994e-02, 0., 2.09999997e-02,
       6.30000010e-02, 0., 4.19999994e-02, 6.30000010e-02, 0.,
       6.30000010e-02, 6.30000010e-02, 0., 8.39999989e-02,
       6.30000010e-02, 0., 1.04999997e-01, 6.30000010e-02, 0.,
       1.26000002e-01, 6.30000010e-02, 0., 1.47000000e-01,
       6.30000010e-02, 0., 1.67999998e-01, 6.30000010e-02, 0.,
       2.09999997e-02, 8.39999989e-02, 0., 4.19999994e-02,
       8.39999989e-02, 0., 6.30000010e-02, 8.39999989e-02, 0.,
       8.39999989e-02, 8.39999989e-02, 0., 1.04999997e-01,
       8.39999989e-02, 0., 1.26000002e-01, 8.39999989e-02, 0.,
       1.47000000e-01, 8.39999989e-02, 0., 1.67999998e-01,
       8.39999989e-02, 0., 2.09999997e-02, 1.04999997e-01, 0.,
       4.19999994e-02, 1.04999997e-01, 0., 6.30000010e-02,
       1.04999997e-01, 0., 8.39999989e-02, 1.04999997e-01, 0.,
       1.04999997e-01, 1.04999997e-01, 0., 1.26000002e-01,
       1.04999997e-01, 0., 1.47000000e-01, 1.04999997e-01, 0.,
       1.67999998e-01, 1.04999997e-01, 0. ]
   - [ 2.09999997e-02, 2.09999997e-02, 0., 4.19999994e-02,
       2.09999997e-02, 0., 6.30000010e-02, 2.09999997e-02, 0.,
       8.39999989e-02, 2.09999997e-02, 0., 1.04999997e-01,
       2.09999997e-02, 0., 1.26000002e-01, 2.09999997e-02, 0.,
       1.47000000e-01, 2.09999997e-02, 0., 1.67999998e-01,
       2.09999997e-02, 0., 2.09999997e-02, 4.19999994e-02, 0.,
       4.19999994e-02, 4.19999994e-02, 0., 6.30000010e-02,
       4.19999994e-02, 0., 8.39999989e-02, 4.19999994e-02, 0.,
       1.04999997e-01, 4.19999994e-02, 0., 1.26000002e-01,
       4.19999994e-02, 0., 1.47000000e-01, 4.19999994e-02, 0.,
       1.67999998e-01, 4.19999994e-02, 0., 2.09999997e-02,
       6.30000010e-02, 0., 4.19999994e-02, 6.30000010e-02, 0.,
       6.30000010e-02, 6.30000010e-02, 0., 8.39999989e-02,
       6.30000010e-02, 0., 1.04999997e-01, 6.30000010e-02, 0.,
       1.26000002e-01, 6.30000010e-02, 0., 1.47000000e-01,
       6.30000010e-02, 0., 1.67999998e-01, 6.30000010e-02, 0.,
       2.09999997e-02, 8.39999989e-02, 0., 4.19999994e-02,
       8.39999989e-02, 0., 6.30000010e-02, 8.39999989e-02, 0.,
       8.39999989e-02, 8.39999989e-02, 0., 1.04999997e-01,
       8.39999989e-02, 0., 1.26000002e-01, 8.39999989e-02, 0.,
       1.47000000e-01, 8.39999989e-02, 0., 1.67999998e-01,
       8.39999989e-02, 0., 2.09999997e-02, 1.04999997e-01, 0.,
       4.19999994e-02, 1.04999997e-01, 0., 6.30000010e-02,
       1.04999997e-01, 0., 8.39999989e-02, 1.04999997e-01, 0.,
       1.04999997e-01, 1.04999997e-01, 0., 1.26000002e-01,
       1.04999997e-01, 0., 1.47000000e-01, 1.04999997e-01, 0.,
       1.67999998e-01, 1.04999997e-01, 0. ]
   - [ 2.09999997e-02, 2.09999997e-02, 0., 4.19999994e-02,
       2.09999997e-02, 0., 6.30000010e-02, 2.09999997e-02, 0.,
       8.39999989e-02, 2.09999997e-02, 0., 1.04999997e-01,
       2.09999997e-02, 0., 1.26000002e-01, 2.09999997e-02, 0.,
       1.47000000e-01, 2.09999997e-02, 0., 1.67999998e-01,
       2.09999997e-02, 0., 2.09999997e-02, 4.19999994e-02, 0.,
       4.19999994e-02, 4.19999994e-02, 0., 6.30000010e-02,
       4.19999994e-02, 0., 8.39999989e-02, 4.19999994e-02, 0.,
       1.04999997e-01, 4.19999994e-02, 0., 1.26000002e-01,
       4.19999994e-02, 0., 1.47000000e-01, 4.19999994e-02, 0.,
       1.67999998e-01, 4.19999994e-02, 0., 2.09999997e-02,
       6.30000010e-02, 0., 4.19999994e-02, 6.30000010e-02, 0.,
       6.30000010e-02, 6.30000010e-02, 0., 8.39999989e-02,
       6.30000010e-02, 0., 1.04999997e-01, 6.30000010e-02, 0.,
       1.26000002e-01, 6.30000010e-02, 0., 1.47000000e-01,
       6.30000010e-02, 0., 1.67999998e-01, 6.30000010e-02, 0.,
       2.09999997e-02, 8.39999989e-02, 0., 4.19999994e-02,
       8.39999989e-02, 0., 6.30000010e-02, 8.39999989e-02, 0.,
       8.39999989e-02, 8.39999989e-02, 0., 1.04999997e-01,
       8.39999989e-02, 0., 1.26000002e-01, 8.39999989e-02, 0.,
       1.47000000e-01, 8.39999989e-02, 0., 1.67999998e-01,
       8.39999989e-02, 0., 2.09999997e-02, 1.04999997e-01, 0.,
       4.19999994e-02, 1.04999997e-01, 0., 6.30000010e-02,
       1.04999997e-01, 0., 8.39999989e-02, 1.04999997e-01, 0.,
       1.04999997e-01, 1.04999997e-01, 0., 1.26000002e-01,
       1.04999997e-01, 0., 1.47000000e-01, 1.04999997e-01, 0.,
       1.67999998e-01, 1.04999997e-01, 0. ]
   - [ 2.09999997e-02, 2.09999997e-02, 0., 4.19999994e-02,
       2.09999997e-02, 0., 6.30000010e-02, 2.09999997e-02, 0.,
       8.39999989e-02, 2.09999997e-02, 0., 1.04999997e-01,
       2.09999997e-02, 0., 1.26000002e-01, 2.09999997e-02, 0.,
       1.47000000e-01, 2.09999997e-02, 0., 1.67999998e-01,
       2.09999997e-02, 0., 2.09999997e-02, 4.19999994e-02, 0.,
       4.19999994e-02, 4.19999994e-02, 0., 6.30000010e-02,
       4.19999994e-02, 0., 8.39999989e-02, 4.19999994e-02, 0.,
       1.04999997e-01, 4.19999994e-02, 0., 1.26000002e-01,
       4.19999994e-02, 0., 1.47000000e-01, 4.19999994e-02, 0.,
       1.67999998e-01, 4.19999994e-02, 0., 2.09999997e-02,
       6.30000010e-02, 0., 4.19999994e-02, 6.30000010e-02, 0.,
       6.30000010e-02, 6.30000010e-02, 0., 8.39999989e-02,
       6.30000010e-02, 0., 1.04999997e-01, 6.30000010e-02, 0.,
       1.26000002e-01, 6.30000010e-02, 0., 1.47000000e-01,
       6.30000010e-02, 0., 1.67999998e-01, 6.30000010e-02, 0.,
