%YAML:1.0
---
Date: "2022.25.5--08:11:42"
Pattern: Chessboard
SizePattern: "5 x 8"
CountPair: 8
RMSE: 3.2972797891769744e+01
AverageReprojectionErr: 4.2837593793869022e+00
cameraMatrixFirst: !!opencv-matrix
   rows: 3
   cols: 3
   dt: d
   data: [ 8.1908707647776362e+02, 0., 3.0202957752270743e+02, 0.,
       8.1874587923960064e+02, 2.3641986915568464e+02, 0., 0., 1. ]
cameraMatrixSecond: !!opencv-matrix
   rows: 3
   cols: 3
   dt: d
   data: [ 8.4364646722487453e+02, 0., 3.0960670780033462e+02, 0.,
       8.4298423628038506e+02, 2.2855490818539755e+02, 0., 0., 1. ]
DistCoeffsFirst: !!opencv-matrix
   rows: 1
   cols: 5
   dt: d
   data: [ 8.5667453161436424e-02, -9.9932687260869540e-02,
       -1.4569835618451335e-02, -9.7774956867265877e-03,
       7.1379039965656732e-01 ]
DistCoeffsSecond: !!opencv-matrix
   rows: 1
   cols: 5
   dt: d
   data: [ 3.6177007510156858e-02, 1.0864229413839281e+00,
       -1.3494654808492582e-02, -3.1631997035343170e-03,
       -3.5522768822969706e+00 ]
R: !!opencv-matrix
   rows: 3
   cols: 3
   dt: d
   data: [ 9.9454804800789731e-01, -4.3973501283113073e-03,
       -1.0418658030442468e-01, 2.1238639914160171e-03,
       9.9975742383736910e-01, -2.1922196144846477e-02,
       1.0425770669560719e-01, 2.1581399257605976e-02,
       9.9431613373245464e-01 ]
T: !!opencv-matrix
   rows: 3
   cols: 1
   dt: d
   data: [ -2.4866330995351692e-02, 3.0181481411890436e-04,
       2.2202582400608444e-02 ]
E: !!opencv-matrix
   rows: 3
   cols: 3
   dt: d
   data: [ -1.5688744910301326e-05, -2.2190682997363851e-02,
       7.8682870538614310e-04, 2.4674041630768889e-02,
       4.3901768871430953e-04, 2.2411782961162998e-02,
       -3.5298203924148219e-04, -2.4858971830788539e-02,
       5.7656963885103954e-04 ]
F: !!opencv-matrix
   rows: 3
   cols: 3
   dt: d
   data: [ -1.3617317778458661e-08, -1.9268814092922559e-05,
       5.1190319762178475e-03, 2.1433085808906252e-05,
       3.8151127293188764e-07, 9.3823454155562754e-03,
       -5.1528947123480745e-03, -1.2332198023085933e-02, 1. ]
R1: !!opencv-matrix
   rows: 3
   cols: 3
   dt: d
   data: [ 6.7237848275392287e-01, -2.6704277684963279e-02,
       -7.3972566366380532e-01, 1.8651369765293933e-02,
       9.9964294313025714e-01, -1.9134070548519448e-02,
       7.3997250106704038e-01, -9.3155955355106543e-04,
       6.7263647675500549e-01 ]
R2: !!opencv-matrix
   rows: 3
   cols: 3
   dt: d
   data: [ 7.4589962286488254e-01, -9.0533483234180485e-03,
       -6.6599683895207862e-01, 1.6147416746261120e-02,
       9.9985952740136053e-01, 4.4929274588357262e-03,
       6.6586260860814872e-01, -1.4105401407356610e-02,
       7.4594103259486177e-01 ]
P1: !!opencv-matrix
   rows: 3
   cols: 4
   dt: d
   data: [ 8.3086505775999285e+02, 0., 1.5157784500122070e+03, 0., 0.,
       8.3086505775999285e+02, 2.3424289703369141e+02, 0., 0., 0., 1.,
       0. ]
P2: !!opencv-matrix
   rows: 3
   cols: 4
   dt: d
   data: [ 8.3086505775999285e+02, 0., 1.2410197830200195e+03,
       -2.7698855054220324e+01, 0., 8.3086505775999285e+02,
       2.3424289703369141e+02, 0., 0., 0., 1., 0. ]
Q: !!opencv-matrix
   rows: 4
   cols: 4
   dt: d
   data: [ 1., 0., 0., -1.5157784500122070e+03, 0., 1., 0.,
       -2.3424289703369141e+02, 0., 0., 0., 8.3086505775999285e+02, 0.,
       0., 2.9996368302356903e+01, -8.2417621693622896e+03 ]
ImgSize: [ 640, 480 ]
