%YAML:1.0
---
Date: "2022.24.5--19:36:32"
CountImg: 10
RMSE: 1.0449121676004122e-01
MeanErr: 6.5416594940932704e-01
CameraMatrix: !!opencv-matrix
   rows: 3
   cols: 3
   dt: d
   data: [ 7.8878165510527811e+02, 0., 2.8527717075471116e+02, 0.,
       7.9640600112180539e+02, 2.7743326697961538e+02, 0., 0., 1. ]
DistCoeffs: !!opencv-matrix
   rows: 1
   cols: 5
   dt: d
   data: [ 1.3868283763971043e-01, -5.7884431540456571e-01,
       -1.3540656510750270e-02, -2.0491067750520404e-02,
       3.7779958843329857e+00 ]
R:
   - !!opencv-matrix
      rows: 3
      cols: 1
      dt: d
      data: [ -3.9971300142528970e-01, 1.0339320931321244e-01,
          1.5610869415681636e+00 ]
   - !!opencv-matrix
      rows: 3
      cols: 1
      dt: d
      data: [ -3.1942440457963950e-01, 5.6527113937504869e-02,
          1.5318137186164646e+00 ]
   - !!opencv-matrix
      rows: 3
      cols: 1
      dt: d
      data: [ -1.6165470682079791e-01, 1.5278142744950285e-01,
          1.5510259888115934e+00 ]
   - !!opencv-matrix
      rows: 3
      cols: 1
      dt: d
      data: [ -1.2381698552818579e-01, 1.9649681173108946e-01,
          1.5359606653625764e+00 ]
   - !!opencv-matrix
      rows: 3
      cols: 1
      dt: d
      data: [ -1.7393437471202106e-01, 2.4183318918437316e-01,
          1.5050870245004926e+00 ]
   - !!opencv-matrix
      rows: 3
      cols: 1
      dt: d
      data: [ -2.1581879158289691e-01, 2.7038215720973635e-01,
          1.5778293714708749e+00 ]
   - !!opencv-matrix
      rows: 3
      cols: 1
      dt: d
      data: [ -2.5974253930864355e-01, 3.3102851890757018e-01,
          1.5991102453239217e+00 ]
   - !!opencv-matrix
      rows: 3
      cols: 1
      dt: d
      data: [ -1.2834734483558854e-01, 3.4277006135629384e-01,
          1.5804225072787694e+00 ]
   - !!opencv-matrix
      rows: 3
      cols: 1
      dt: d
      data: [ -2.9061788717171327e-01, 2.5253206055236360e-01,
          1.5967624672178291e+00 ]
   - !!opencv-matrix
      rows: 3
      cols: 1
      dt: d
      data: [ -3.7903475529655178e-01, 2.5136055708911442e-01,
          1.6327496062016422e+00 ]
T:
   - !!opencv-matrix
      rows: 3
      cols: 1
      dt: d
      data: [ 7.1369429137009410e-01, 3.8125408701049865e+00,
          4.7076277800851301e+01 ]
   - !!opencv-matrix
      rows: 3
      cols: 1
      dt: d
      data: [ 3.5322563536297868e-01, -1.9999402111264013e+00,
          4.8379087303825173e+01 ]
   - !!opencv-matrix
      rows: 3
      cols: 1
      dt: d
      data: [ 7.8872615225535769e-01, -7.2812946415368236e+00,
          4.6154823759705309e+01 ]
   - !!opencv-matrix
      rows: 3
      cols: 1
      dt: d
      data: [ 1.6646048364046246e+00, -1.0243975209111285e+01,
          4.4708531214690289e+01 ]
   - !!opencv-matrix
      rows: 3
      cols: 1
      dt: d
      data: [ 6.7419155557153401e+00, -9.3659749772106853e+00,
          4.2894644671611694e+01 ]
   - !!opencv-matrix
      rows: 3
      cols: 1
      dt: d
      data: [ 6.8149739789129287e+00, -1.8814040251871560e+00,
          4.1311441342097361e+01 ]
   - !!opencv-matrix
      rows: 3
      cols: 1
      dt: d
      data: [ 7.7484401000398329e+00, 3.7674535010716466e+00,
          3.8186982258875616e+01 ]
   - !!opencv-matrix
      rows: 3
      cols: 1
      dt: d
      data: [ 1.0557016376616163e+01, -6.3571498726461586e+00,
          3.5075375711457575e+01 ]
   - !!opencv-matrix
      rows: 3
      cols: 1
      dt: d
      data: [ 9.5468281623894313e+00, -1.8436132533058047e+00,
          3.7854531293291643e+01 ]
   - !!opencv-matrix
      rows: 3
      cols: 1
      dt: d
      data: [ 1.0010299286312735e+01, 2.4302143183000751e+00,
          3.6042859411138643e+01 ]
Size: [ 480, 640 ]
objectPoints:
   - [ 0., 0., 0., 1., 0., 0., 2., 0., 0., 3., 0., 0., 4., 0., 0., 0.,
       1., 0., 1., 1., 0., 2., 1., 0., 3., 1., 0., 4., 1., 0., 0., 2.,
       0., 1., 2., 0., 2., 2., 0., 3., 2., 0., 4., 2., 0., 0., 3., 0.,
       1., 3., 0., 2., 3., 0., 3., 3., 0., 4., 3., 0., 0., 4., 0., 1.,
       4., 0., 2., 4., 0., 3., 4., 0., 4., 4., 0., 0., 5., 0., 1., 5.,
       0., 2., 5., 0., 3., 5., 0., 4., 5., 0., 0., 6., 0., 1., 6., 0.,
       2., 6., 0., 3., 6., 0., 4., 6., 0., 0., 7., 0., 1., 7., 0., 2.,
       7., 0., 3., 7., 0., 4., 7., 0. ]
   - [ 0., 0., 0., 1., 0., 0., 2., 0., 0., 3., 0., 0., 4., 0., 0., 0.,
       1., 0., 1., 1., 0., 2., 1., 0., 3., 1., 0., 4., 1., 0., 0., 2.,
       0., 1., 2., 0., 2., 2., 0., 3., 2., 0., 4., 2., 0., 0., 3., 0.,
       1., 3., 0., 2., 3., 0., 3., 3., 0., 4., 3., 0., 0., 4., 0., 1.,
       4., 0., 2., 4., 0., 3., 4., 0., 4., 4., 0., 0., 5., 0., 1., 5.,
       0., 2., 5., 0., 3., 5., 0., 4., 5., 0., 0., 6., 0., 1., 6., 0.,
       2., 6., 0., 3., 6., 0., 4., 6., 0., 0., 7., 0., 1., 7., 0., 2.,
       7., 0., 3., 7., 0., 4., 7., 0. ]
   - [ 0., 0., 0., 1., 0., 0., 2., 0., 0., 3., 0., 0., 4., 0., 0., 0.,
       1., 0., 1., 1., 0., 2., 1., 0., 3., 1., 0., 4., 1., 0., 0., 2.,
       0., 1., 2., 0., 2., 2., 0., 3., 2., 0., 4., 2., 0., 0., 3., 0.,
       1., 3., 0., 2., 3., 0., 3., 3., 0., 4., 3., 0., 0., 4., 0., 1.,
       4., 0., 2., 4., 0., 3., 4., 0., 4., 4., 0., 0., 5., 0., 1., 5.,
       0., 2., 5., 0., 3., 5., 0., 4., 5., 0., 0., 6., 0., 1., 6., 0.,
       2., 6., 0., 3., 6., 0., 4., 6., 0., 0., 7., 0., 1., 7., 0., 2.,
       7., 0., 3., 7., 0., 4., 7., 0. ]
   - [ 0., 0., 0., 1., 0., 0., 2., 0., 0., 3., 0., 0., 4., 0., 0., 0.,
       1., 0., 1., 1., 0., 2., 1., 0., 3., 1., 0., 4., 1., 0., 0., 2.,
       0., 1., 2., 0., 2., 2., 0., 3., 2., 0., 4., 2., 0., 0., 3., 0.,
       1., 3., 0., 2., 3., 0., 3., 3., 0., 4., 3., 0., 0., 4., 0., 1.,
       4., 0., 2., 4., 0., 3., 4., 0., 4., 4., 0., 0., 5., 0., 1., 5.,
       0., 2., 5., 0., 3., 5., 0., 4., 5., 0., 0., 6., 0., 1., 6., 0.,
       2., 6., 0., 3., 6., 0., 4., 6., 0., 0., 7., 0., 1., 7., 0., 2.,
       7., 0., 3., 7., 0., 4., 7., 0. ]
   - [ 0., 0., 0., 1., 0., 0., 2., 0., 0., 3., 0., 0., 4., 0., 0., 0.,
       1., 0., 1., 1., 0., 2., 1., 0., 3., 1., 0., 4., 1., 0., 0., 2.,
       0., 1., 2., 0., 2., 2., 0., 3., 2., 0., 4., 2., 0., 0., 3., 0.,
       1., 3., 0., 2., 3., 0., 3., 3., 0., 4., 3., 0., 0., 4., 0., 1.,
       4., 0., 2., 4., 0., 3., 4., 0., 4., 4., 0., 0., 5., 0., 1., 5.,
       0., 2., 5., 0., 3., 5., 0., 4., 5., 0., 0., 6., 0., 1., 6., 0.,
       2., 6., 0., 3., 6., 0., 4., 6., 0., 0., 7., 0., 1., 7., 0., 2.,
       7., 0., 3., 7., 0., 4., 7., 0. ]
   - [ 0., 0., 0., 1., 0., 0., 2., 0., 0., 3., 0., 0., 4., 0., 0., 0.,
       1., 0., 1., 1., 0., 2., 1., 0., 3., 1., 0., 4., 1., 0., 0., 2.,
       0., 1., 2., 0., 2., 2., 0., 3., 2., 0., 4., 2., 0., 0., 3., 0.,
       1., 3., 0., 2., 3., 0., 3., 3., 0., 4., 3., 0., 0., 4., 0., 1.,
       4., 0., 2., 4., 0., 3., 4., 0., 4., 4., 0., 0., 5., 0., 1., 5.,
       0., 2., 5., 0., 3., 5., 0., 4., 5., 0., 0., 6., 0., 1., 6., 0.,
       2., 6., 0., 3., 6., 0., 4., 6., 0., 0., 7., 0., 1., 7., 0., 2.,
       7., 0., 3., 7., 0., 4., 7., 0. ]
   - [ 0., 0., 0., 1., 0., 0., 2., 0., 0., 3., 0., 0., 4., 0., 0., 0.,
       1., 0., 1., 1., 0., 2., 1., 0., 3., 1., 0., 4., 1., 0., 0., 2.,
       0., 1., 2., 0., 2., 2., 0., 3., 2., 0., 4., 2., 0., 0., 3., 0.,
       1., 3., 0., 2., 3., 0., 3., 3., 0., 4., 3., 0., 0., 4., 0., 1.,
       4., 0., 2., 4., 0., 3., 4., 0., 4., 4., 0., 0., 5., 0., 1., 5.,
       0., 2., 5., 0., 3., 5., 0., 4., 5., 0., 0., 6., 0., 1., 6., 0.,
       2., 6., 0., 3., 6., 0., 4., 6., 0., 0., 7., 0., 1., 7., 0., 2.,
       7., 0., 3., 7., 0., 4., 7., 0. ]
   - [ 0., 0., 0., 1., 0., 0., 2., 0., 0., 3., 0., 0., 4., 0., 0., 0.,
       1., 0., 1., 1., 0., 2., 1., 0., 3., 1., 0., 4., 1., 0., 0., 2.,
       0., 1., 2., 0., 2., 2., 0., 3., 2., 0., 4., 2., 0., 0., 3., 0.,
       1., 3., 0., 2., 3., 0., 3., 3., 0., 4., 3., 0., 0., 4., 0., 1.,
       4., 0., 2., 4., 0., 3., 4., 0., 4., 4., 0., 0., 5., 0., 1., 5.,
       0., 2., 5., 0., 3., 5., 0., 4., 5., 0., 0., 6., 0., 1., 6., 0.,
       2., 6., 0., 3., 6., 0., 4., 6., 0., 0., 7., 0., 1., 7., 0., 2.,
