%YAML:1.0
---
Date: "2022.25.5--08:34:41"
CountImg: 7
RMSE: 2.1540633639370957e-01
MeanErr: 2.3975833390338361e+00
CameraMatrix: !!opencv-matrix
   rows: 3
   cols: 3
   dt: d
   data: [ 1.5444474059238855e+03, 0., 6.2190234384532107e+02, 0.,
       1.5397726445329918e+03, 4.9458625643361489e+02, 0., 0., 1. ]
DistCoeffs: !!opencv-matrix
   rows: 1
   cols: 5
   dt: d
   data: [ -1.1744363286339599e-01, 1.2481732457294624e-01,
       4.3977139414325497e-04, -2.8769145036591616e-03,
       8.5996966817100118e-02 ]
R:
   - !!opencv-matrix
      rows: 3
      cols: 1
      dt: d
      data: [ 7.8377162557676898e-03, -3.5357452028730814e-02,
          -1.5553008794470218e+00 ]
   - !!opencv-matrix
      rows: 3
      cols: 1
      dt: d
      data: [ -3.5230796957013111e-01, 2.0971600151678516e-01,
          -1.6164570371124167e+00 ]
   - !!opencv-matrix
      rows: 3
      cols: 1
      dt: d
      data: [ -3.0654679557197122e-02, -1.5003115746974077e-01,
          -1.6430902705352783e+00 ]
   - !!opencv-matrix
      rows: 3
      cols: 1
      dt: d
      data: [ 1.3857233530756827e-01, -1.4062038234734767e-01,
          -1.6722174674031192e+00 ]
   - !!opencv-matrix
      rows: 3
      cols: 1
      dt: d
      data: [ -6.7060872745248010e-02, 4.4827919397435641e-02,
          -1.7037529360681296e+00 ]
   - !!opencv-matrix
      rows: 3
      cols: 1
      dt: d
      data: [ -4.4279987660827563e-01, 2.4360622280444971e-01,
          -1.6033222025162399e+00 ]
   - !!opencv-matrix
      rows: 3
      cols: 1
      dt: d
      data: [ 7.1461960210087327e-02, -1.3770363625692553e-01,
          -1.6913122128766713e+00 ]
T:
   - !!opencv-matrix
      rows: 3
      cols: 1
      dt: d
      data: [ -2.4397629374200052e+00, 7.6400125159716374e+00,
          2.9977994235286332e+01 ]
   - !!opencv-matrix
      rows: 3
      cols: 1
      dt: d
      data: [ -5.6920229898565635e+00, 4.7341183253823065e+00,
          3.1855156482946008e+01 ]
   - !!opencv-matrix
      rows: 3
      cols: 1
      dt: d
      data: [ -4.7553401250794769e+00, 7.5615503728293154e+00,
          3.2518254430779812e+01 ]
   - !!opencv-matrix
      rows: 3
      cols: 1
      dt: d
      data: [ -2.1167701189672448e+00, 1.9536860222190486e+00,
          2.8190163688846670e+01 ]
   - !!opencv-matrix
      rows: 3
      cols: 1
      dt: d
      data: [ -1.2240629558742804e+00, 3.1500257130279348e+00,
          2.9082411118355378e+01 ]
   - !!opencv-matrix
      rows: 3
      cols: 1
      dt: d
      data: [ -2.9593771398632307e+00, 8.0695303087353327e+00,
          3.1459493614191167e+01 ]
   - !!opencv-matrix
      rows: 3
      cols: 1
      dt: d
      data: [ -5.1098583423940314e+00, 4.8946619337921478e+00,
          2.8403200199320469e+01 ]
Size: [ 960, 1280 ]
objectPoints:
   - [ 0., 0., 0., 1., 0., 0., 2., 0., 0., 3., 0., 0., 4., 0., 0., 5.,
       0., 0., 6., 0., 0., 7., 0., 0., 8., 0., 0., 0., 1., 0., 1., 1.,
       0., 2., 1., 0., 3., 1., 0., 4., 1., 0., 5., 1., 0., 6., 1., 0.,
       7., 1., 0., 8., 1., 0., 0., 2., 0., 1., 2., 0., 2., 2., 0., 3.,
       2., 0., 4., 2., 0., 5., 2., 0., 6., 2., 0., 7., 2., 0., 8., 2.,
       0., 0., 3., 0., 1., 3., 0., 2., 3., 0., 3., 3., 0., 4., 3., 0.,
       5., 3., 0., 6., 3., 0., 7., 3., 0., 8., 3., 0., 0., 4., 0., 1.,
       4., 0., 2., 4., 0., 3., 4., 0., 4., 4., 0., 5., 4., 0., 6., 4.,
       0., 7., 4., 0., 8., 4., 0., 0., 5., 0., 1., 5., 0., 2., 5., 0.,
       3., 5., 0., 4., 5., 0., 5., 5., 0., 6., 5., 0., 7., 5., 0., 8.,
       5., 0., 0., 6., 0., 1., 6., 0., 2., 6., 0., 3., 6., 0., 4., 6.,
       0., 5., 6., 0., 6., 6., 0., 7., 6., 0., 8., 6., 0., 0., 7., 0.,
       1., 7., 0., 2., 7., 0., 3., 7., 0., 4., 7., 0., 5., 7., 0., 6.,
       7., 0., 7., 7., 0., 8., 7., 0., 0., 8., 0., 1., 8., 0., 2., 8.,
       0., 3., 8., 0., 4., 8., 0., 5., 8., 0., 6., 8., 0., 7., 8., 0.,
       8., 8., 0., 0., 9., 0., 1., 9., 0., 2., 9., 0., 3., 9., 0., 4.,
       9., 0., 5., 9., 0., 6., 9., 0., 7., 9., 0., 8., 9., 0., 0., 10.,
       0., 1., 10., 0., 2., 10., 0., 3., 10., 0., 4., 10., 0., 5., 10.,
       0., 6., 10., 0., 7., 10., 0., 8., 10., 0., 0., 11., 0., 1., 11.,
       0., 2., 11., 0., 3., 11., 0., 4., 11., 0., 5., 11., 0., 6., 11.,
       0., 7., 11., 0., 8., 11., 0., 0., 12., 0., 1., 12., 0., 2., 12.,
       0., 3., 12., 0., 4., 12., 0., 5., 12., 0., 6., 12., 0., 7., 12.,
       0., 8., 12., 0., 0., 13., 0., 1., 13., 0., 2., 13., 0., 3., 13.,
       0., 4., 13., 0., 5., 13., 0., 6., 13., 0., 7., 13., 0., 8., 13.,
       0. ]
   - [ 0., 0., 0., 1., 0., 0., 2., 0., 0., 3., 0., 0., 4., 0., 0., 5.,
       0., 0., 6., 0., 0., 7., 0., 0., 8., 0., 0., 0., 1., 0., 1., 1.,
       0., 2., 1., 0., 3., 1., 0., 4., 1., 0., 5., 1., 0., 6., 1., 0.,
       7., 1., 0., 8., 1., 0., 0., 2., 0., 1., 2., 0., 2., 2., 0., 3.,
       2., 0., 4., 2., 0., 5., 2., 0., 6., 2., 0., 7., 2., 0., 8., 2.,
       0., 0., 3., 0., 1., 3., 0., 2., 3., 0., 3., 3., 0., 4., 3., 0.,
       5., 3., 0., 6., 3., 0., 7., 3., 0., 8., 3., 0., 0., 4., 0., 1.,
       4., 0., 2., 4., 0., 3., 4., 0., 4., 4., 0., 5., 4., 0., 6., 4.,
       0., 7., 4., 0., 8., 4., 0., 0., 5., 0., 1., 5., 0., 2., 5., 0.,
       3., 5., 0., 4., 5., 0., 5., 5., 0., 6., 5., 0., 7., 5., 0., 8.,
       5., 0., 0., 6., 0., 1., 6., 0., 2., 6., 0., 3., 6., 0., 4., 6.,
       0., 5., 6., 0., 6., 6., 0., 7., 6., 0., 8., 6., 0., 0., 7., 0.,
       1., 7., 0., 2., 7., 0., 3., 7., 0., 4., 7., 0., 5., 7., 0., 6.,
       7., 0., 7., 7., 0., 8., 7., 0., 0., 8., 0., 1., 8., 0., 2., 8.,
       0., 3., 8., 0., 4., 8., 0., 5., 8., 0., 6., 8., 0., 7., 8., 0.,
       8., 8., 0., 0., 9., 0., 1., 9., 0., 2., 9., 0., 3., 9., 0., 4.,
       9., 0., 5., 9., 0., 6., 9., 0., 7., 9., 0., 8., 9., 0., 0., 10.,
       0., 1., 10., 0., 2., 10., 0., 3., 10., 0., 4., 10., 0., 5., 10.,
       0., 6., 10., 0., 7., 10., 0., 8., 10., 0., 0., 11., 0., 1., 11.,
       0., 2., 11., 0., 3., 11., 0., 4., 11., 0., 5., 11., 0., 6., 11.,
       0., 7., 11., 0., 8., 11., 0., 0., 12., 0., 1., 12., 0., 2., 12.,
       0., 3., 12., 0., 4., 12., 0., 5., 12., 0., 6., 12., 0., 7., 12.,
       0., 8., 12., 0., 0., 13., 0., 1., 13., 0., 2., 13., 0., 3., 13.,
       0., 4., 13., 0., 5., 13., 0., 6., 13., 0., 7., 13., 0., 8., 13.,
       0. ]
   - [ 0., 0., 0., 1., 0., 0., 2., 0., 0., 3., 0., 0., 4., 0., 0., 5.,
       0., 0., 6., 0., 0., 7., 0., 0., 8., 0., 0., 0., 1., 0., 1., 1.,
       0., 2., 1., 0., 3., 1., 0., 4., 1., 0., 5., 1., 0., 6., 1., 0.,
       7., 1., 0., 8., 1., 0., 0., 2., 0., 1., 2., 0., 2., 2., 0., 3.,
       2., 0., 4., 2., 0., 5., 2., 0., 6., 2., 0., 7., 2., 0., 8., 2.,
       0., 0., 3., 0., 1., 3., 0., 2., 3., 0., 3., 3., 0., 4., 3., 0.,
       5., 3., 0., 6., 3., 0., 7., 3., 0., 8., 3., 0., 0., 4., 0., 1.,
       4., 0., 2., 4., 0., 3., 4., 0., 4., 4., 0., 5., 4., 0., 6., 4.,
       0., 7., 4., 0., 8., 4., 0., 0., 5., 0., 1., 5., 0., 2., 5., 0.,
       3., 5., 0., 4., 5., 0., 5., 5., 0., 6., 5., 0., 7., 5., 0., 8.,
       5., 0., 0., 6., 0., 1., 6., 0., 2., 6., 0., 3., 6., 0., 4., 6.,
       0., 5., 6., 0., 6., 6., 0., 7., 6., 0., 8., 6., 0., 0., 7., 0.,
       1., 7., 0., 2., 7., 0., 3., 7., 0., 4., 7., 0., 5., 7., 0., 6.,
       7., 0., 7., 7., 0., 8., 7., 0., 0., 8., 0., 1., 8., 0., 2., 8.,
       0., 3., 8., 0., 4., 8., 0., 5., 8., 0., 6., 8., 0., 7., 8., 0.,
       8., 8., 0., 0., 9., 0., 1., 9., 0., 2., 9., 0., 3., 9., 0., 4.,
       9., 0., 5., 9., 0., 6., 9., 0., 7., 9., 0., 8., 9., 0., 0., 10.,
       0., 1., 10., 0., 2., 10., 0., 3., 10., 0., 4., 10., 0., 5., 10.,
       0., 6., 10., 0., 7., 10., 0., 8., 10., 0., 0., 11., 0., 1., 11.,
       0., 2., 11., 0., 3., 11., 0., 4., 11., 0., 5., 11., 0., 6., 11.,
       0., 7., 11., 0., 8., 11., 0., 0., 12., 0., 1., 12., 0., 2., 12.,
       0., 3., 12., 0., 4., 12., 0., 5., 12., 0., 6., 12., 0., 7., 12.,
       0., 8., 12., 0., 0., 13., 0., 1., 13., 0., 2., 13., 0., 3., 13.,
       0., 4., 13., 0., 5., 13., 0., 6., 13., 0., 7., 13., 0., 8., 13.,
       0. ]
