%YAML:1.0
---
Date: "2022.02.6--16:21:38"
CountImg: 8
RMSE: 1.3527845702957639e-01
MeanErr: 8.4943411457237294e-01
CameraMatrix: !!opencv-matrix
   rows: 3
   cols: 3
   dt: d
   data: [ 1.5278380029322466e+03, 0., 6.4134807909974018e+02, 0.,
       1.5216217853704961e+03, 4.9127209004069715e+02, 0., 0., 1. ]
DistCoeffs: !!opencv-matrix
   rows: 1
   cols: 5
   dt: d
   data: [ -6.9977729894025162e-02, 1.0535636821628010e-01,
       4.5648044341345368e-04, -3.7667077872281861e-03,
       2.5222822860359323e-01 ]
R:
   - !!opencv-matrix
      rows: 3
      cols: 1
      dt: d
      data: [ 1.0210303262413439e-01, 1.4878920379353675e-01,
          -3.6728155258946141e-02 ]
   - !!opencv-matrix
      rows: 3
      cols: 1
      dt: d
      data: [ 9.4117439742551323e-02, 1.0710372072250932e-01,
          -9.9009068442082182e-03 ]
   - !!opencv-matrix
      rows: 3
      cols: 1
      dt: d
      data: [ 4.6119618506906053e-02, 1.4197051067830099e-01,
          -4.8960465034997066e-03 ]
   - !!opencv-matrix
      rows: 3
      cols: 1
      dt: d
      data: [ 7.0297031669571797e-02, 2.3706975552089059e-03,
          -3.4842168501147908e-02 ]
   - !!opencv-matrix
      rows: 3
      cols: 1
      dt: d
      data: [ -7.6295424112546280e-03, 6.1182235606297479e-02,
          2.8737210077587404e-02 ]
   - !!opencv-matrix
      rows: 3
      cols: 1
      dt: d
      data: [ -3.5938769941901087e-02, 1.2307846788931601e-01,
          -1.9272630001069775e-02 ]
   - !!opencv-matrix
      rows: 3
      cols: 1
      dt: d
      data: [ -3.2211265013514255e-02, 1.0633497362118516e-01,
          -1.6428982481438082e-02 ]
   - !!opencv-matrix
      rows: 3
      cols: 1
      dt: d
      data: [ 1.3103790541968638e-01, 4.1082265001356610e-01,
          8.9209824670611164e-03 ]
T:
   - !!opencv-matrix
      rows: 3
      cols: 1
      dt: d
      data: [ 5.1139150656874737e+00, 1.8283284948378344e+00,
          3.2507729504212563e+01 ]
   - !!opencv-matrix
      rows: 3
      cols: 1
      dt: d
      data: [ 3.9235058398513978e+00, -1.5272494101181808e+00,
          3.1898150008485800e+01 ]
   - !!opencv-matrix
      rows: 3
      cols: 1
      dt: d
      data: [ 2.2343225429102387e+00, -6.0797543953451569e+00,
          3.0982349864827309e+01 ]
   - !!opencv-matrix
      rows: 3
      cols: 1
      dt: d
      data: [ 4.1674211538202757e+00, -7.8677529337625485e+00,
          3.1579947695607434e+01 ]
   - !!opencv-matrix
      rows: 3
      cols: 1
      dt: d
      data: [ -2.0414006907588975e+00, 1.7613986254465273e+00,
          3.4436133610667305e+01 ]
   - !!opencv-matrix
      rows: 3
      cols: 1
      dt: d
      data: [ -4.9620593893652885e+00, -2.3126016021496523e+00,
          3.5797986577121939e+01 ]
   - !!opencv-matrix
      rows: 3
      cols: 1
      dt: d
      data: [ -4.3608999721557788e+00, -6.7587711917855851e+00,
          3.3026983048549766e+01 ]
   - !!opencv-matrix
      rows: 3
      cols: 1
      dt: d
      data: [ -2.1315139145615234e+00, -3.8385464099128095e+00,
          3.6634228800993810e+01 ]
Size: [ 960, 1280 ]
objectPoints:
   - [ 0., 0., 0., 1., 0., 0., 2., 0., 0., 3., 0., 0., 4., 0., 0., 5.,
       0., 0., 6., 0., 0., 7., 0., 0., 0., 1., 0., 1., 1., 0., 2., 1.,
       0., 3., 1., 0., 4., 1., 0., 5., 1., 0., 6., 1., 0., 7., 1., 0.,
       0., 2., 0., 1., 2., 0., 2., 2., 0., 3., 2., 0., 4., 2., 0., 5.,
       2., 0., 6., 2., 0., 7., 2., 0., 0., 3., 0., 1., 3., 0., 2., 3.,
       0., 3., 3., 0., 4., 3., 0., 5., 3., 0., 6., 3., 0., 7., 3., 0.,
       0., 4., 0., 1., 4., 0., 2., 4., 0., 3., 4., 0., 4., 4., 0., 5.,
       4., 0., 6., 4., 0., 7., 4., 0. ]
   - [ 0., 0., 0., 1., 0., 0., 2., 0., 0., 3., 0., 0., 4., 0., 0., 5.,
       0., 0., 6., 0., 0., 7., 0., 0., 0., 1., 0., 1., 1., 0., 2., 1.,
       0., 3., 1., 0., 4., 1., 0., 5., 1., 0., 6., 1., 0., 7., 1., 0.,
       0., 2., 0., 1., 2., 0., 2., 2., 0., 3., 2., 0., 4., 2., 0., 5.,
       2., 0., 6., 2., 0., 7., 2., 0., 0., 3., 0., 1., 3., 0., 2., 3.,
       0., 3., 3., 0., 4., 3., 0., 5., 3., 0., 6., 3., 0., 7., 3., 0.,
       0., 4., 0., 1., 4., 0., 2., 4., 0., 3., 4., 0., 4., 4., 0., 5.,
       4., 0., 6., 4., 0., 7., 4., 0. ]
   - [ 0., 0., 0., 1., 0., 0., 2., 0., 0., 3., 0., 0., 4., 0., 0., 5.,
       0., 0., 6., 0., 0., 7., 0., 0., 0., 1., 0., 1., 1., 0., 2., 1.,
       0., 3., 1., 0., 4., 1., 0., 5., 1., 0., 6., 1., 0., 7., 1., 0.,
       0., 2., 0., 1., 2., 0., 2., 2., 0., 3., 2., 0., 4., 2., 0., 5.,
       2., 0., 6., 2., 0., 7., 2., 0., 0., 3., 0., 1., 3., 0., 2., 3.,
       0., 3., 3., 0., 4., 3., 0., 5., 3., 0., 6., 3., 0., 7., 3., 0.,
       0., 4., 0., 1., 4., 0., 2., 4., 0., 3., 4., 0., 4., 4., 0., 5.,
       4., 0., 6., 4., 0., 7., 4., 0. ]
   - [ 0., 0., 0., 1., 0., 0., 2., 0., 0., 3., 0., 0., 4., 0., 0., 5.,
       0., 0., 6., 0., 0., 7., 0., 0., 0., 1., 0., 1., 1., 0., 2., 1.,
       0., 3., 1., 0., 4., 1., 0., 5., 1., 0., 6., 1., 0., 7., 1., 0.,
       0., 2., 0., 1., 2., 0., 2., 2., 0., 3., 2., 0., 4., 2., 0., 5.,
       2., 0., 6., 2., 0., 7., 2., 0., 0., 3., 0., 1., 3., 0., 2., 3.,
       0., 3., 3., 0., 4., 3., 0., 5., 3., 0., 6., 3., 0., 7., 3., 0.,
       0., 4., 0., 1., 4., 0., 2., 4., 0., 3., 4., 0., 4., 4., 0., 5.,
       4., 0., 6., 4., 0., 7., 4., 0. ]
   - [ 0., 0., 0., 1., 0., 0., 2., 0., 0., 3., 0., 0., 4., 0., 0., 5.,
       0., 0., 6., 0., 0., 7., 0., 0., 0., 1., 0., 1., 1., 0., 2., 1.,
       0., 3., 1., 0., 4., 1., 0., 5., 1., 0., 6., 1., 0., 7., 1., 0.,
       0., 2., 0., 1., 2., 0., 2., 2., 0., 3., 2., 0., 4., 2., 0., 5.,
       2., 0., 6., 2., 0., 7., 2., 0., 0., 3., 0., 1., 3., 0., 2., 3.,
       0., 3., 3., 0., 4., 3., 0., 5., 3., 0., 6., 3., 0., 7., 3., 0.,
       0., 4., 0., 1., 4., 0., 2., 4., 0., 3., 4., 0., 4., 4., 0., 5.,
       4., 0., 6., 4., 0., 7., 4., 0. ]
   - [ 0., 0., 0., 1., 0., 0., 2., 0., 0., 3., 0., 0., 4., 0., 0., 5.,
       0., 0., 6., 0., 0., 7., 0., 0., 0., 1., 0., 1., 1., 0., 2., 1.,
       0., 3., 1., 0., 4., 1., 0., 5., 1., 0., 6., 1., 0., 7., 1., 0.,
       0., 2., 0., 1., 2., 0., 2., 2., 0., 3., 2., 0., 4., 2., 0., 5.,
       2., 0., 6., 2., 0., 7., 2., 0., 0., 3., 0., 1., 3., 0., 2., 3.,
       0., 3., 3., 0., 4., 3., 0., 5., 3., 0., 6., 3., 0., 7., 3., 0.,
       0., 4., 0., 1., 4., 0., 2., 4., 0., 3., 4., 0., 4., 4., 0., 5.,
       4., 0., 6., 4., 0., 7., 4., 0. ]
   - [ 0., 0., 0., 1., 0., 0., 2., 0., 0., 3., 0., 0., 4., 0., 0., 5.,
       0., 0., 6., 0., 0., 7., 0., 0., 0., 1., 0., 1., 1., 0., 2., 1.,
       0., 3., 1., 0., 4., 1., 0., 5., 1., 0., 6., 1., 0., 7., 1., 0.,
       0., 2., 0., 1., 2., 0., 2., 2., 0., 3., 2., 0., 4., 2., 0., 5.,
       2., 0., 6., 2., 0., 7., 2., 0., 0., 3., 0., 1., 3., 0., 2., 3.,
       0., 3., 3., 0., 4., 3., 0., 5., 3., 0., 6., 3., 0., 7., 3., 0.,
       0., 4., 0., 1., 4., 0., 2., 4., 0., 3., 4., 0., 4., 4., 0., 5.,
       4., 0., 6., 4., 0., 7., 4., 0. ]
   - [ 0., 0., 0., 1., 0., 0., 2., 0., 0., 3., 0., 0., 4., 0., 0., 5.,
       0., 0., 6., 0., 0., 7., 0., 0., 0., 1., 0., 1., 1., 0., 2., 1.,
       0., 3., 1., 0., 4., 1., 0., 5., 1., 0., 6., 1., 0., 7., 1., 0.,
       0., 2., 0., 1., 2., 0., 2., 2., 0., 3., 2., 0., 4., 2., 0., 5.,
       2., 0., 6., 2., 0., 7., 2., 0., 0., 3., 0., 1., 3., 0., 2., 3.,
       0., 3., 3., 0., 4., 3., 0., 5., 3., 0., 6., 3., 0., 7., 3., 0.,
       0., 4., 0., 1., 4., 0., 2., 4., 0., 3., 4., 0., 4., 4., 0., 5.,
       4., 0., 6., 4., 0., 7., 4., 0. ]
