%YAML:1.0
---
FirstCameraName: USB Video Device
FirstCameraIndex: 1
SecondCameraName: USB Video Device
SecondCameraIndex: 2
Exposure: 10.
Gain: 0.
Pattern: Assymetric Circles
Row: 6
Col: 9
CheckerSize: 2.1000000000000001e-02
MarkerSize: 0.
DictionaryName: NULL
isWebCamera: 1
isBaslerCamera: 0
SettingCalibration:
   isUseParametr: 0
   isFixedFocal: 0
   isFixedAspectRatio: 0
   isFixedPrincipalPoint: 0
   isfixedK1: 0
   isfixedK2: 0
   isfixedK3: 0
   isfixedK4: 0
   iszeroTangent: 0
   isCaibration: 1
   isStereoCaibration: 0
   numCamera: 1
   cameraModel: 0
   fx: 8.2298119489999999e+02
   fy: 8.2208793609999998e+02
   cx: 3.1679157070000002e+02
   cy: 2.5074831259999999e+02
   k1: 9.8595400000000000e-02
   k2: 0.
   k3: 1.7275722200000001e+01
   k4: 0.
   isSameFocalLengStereo: 0
   isfixAspectRatioStereo: 0
   isfixFocalLengthStereo: 0
   isfixPrincipalPointStereo: 0
   isUseSingleCalibratedInStereo: 0
   iszeroTangentS: 0
   isfixedK1S: 0
   isfixedK2S: 0
   isfixedK3S: 0
   fx1: 8.2298119489999999e+02
   fy1: 8.2208793609999998e+02
   fx2: 8.1722276309999995e+02
   fy2: 8.1350540969999997e+02
   cx1: 3.1679157070000002e+02
   cy1: 2.5074831259999999e+02
   cx1: 3.1679157070000002e+02
   cx2: 2.7570648249999999e+02
   cy2: 2.6713643580000002e+02
   k1S1: 9.8595400000000000e-02
   k2S1: 0.
   k3S1: 1.7275722200000001e+01
   k1S2: 5.2656599999999998e-02
   k2S2: 7.0457150000000002e-01
   k3S2: 0.
ImageInfoCamera1:
   -
      isActive: 1
      isCalib: 1
      cameraPath: "D:/PRoG/Git-repos/Camera-calibration-With-OpenCV/DebugTest/TestCircle/Camera1/Accumulated/1.png"
      drawPath: NONE
      undistortedPath: "D:/PRoG/Git-repos/Camera-calibration-With-OpenCV/DebugTest/TestCircle/Camera1/Undistorted/1.png"
      state: Succes
      err: 1.1317068311301599e+00
      imgpoint:
         - [ 1.8348129272460938e+02, 1.7266960144042969e+02 ]
         - [ 2.0987525939941406e+02, 1.5800160217285156e+02 ]
         - [ 2.3772454833984375e+02, 1.4247082519531250e+02 ]
         - [ 2.6710995483398438e+02, 1.2603694152832031e+02 ]
         - [ 2.9836325073242188e+02, 1.0848529815673828e+02 ]
         - [ 3.3163580322265625e+02, 8.9707382202148438e+01 ]
         - [ 2.0390290832519531e+02, 1.8385546875000000e+02 ]
         - [ 2.3126202392578125e+02, 1.6925947570800781e+02 ]
         - [ 2.6004327392578125e+02, 1.5386947631835938e+02 ]
         - [ 2.9050732421875000e+02, 1.3757299804687500e+02 ]
         - [ 3.2300280761718750e+02, 1.2010146331787109e+02 ]
         - [ 3.5757391357421875e+02, 1.0146502685546875e+02 ]
         - [ 1.9791569519042969e+02, 2.0906071472167969e+02 ]
         - [ 2.2483030700683594e+02, 1.9527952575683594e+02 ]
         - [ 2.5311744689941406e+02, 1.8092384338378906e+02 ]
         - [ 2.8297576904296875e+02, 1.6566062927246094e+02 ]
         - [ 3.1466653442382812e+02, 1.4943984985351562e+02 ]
         - [ 3.4847839355468750e+02, 1.3203321838378906e+02 ]
         - [ 2.1848970031738281e+02, 2.2072679138183594e+02 ]
         - [ 2.4634950256347656e+02, 2.0716412353515625e+02 ]
         - [ 2.7563674926757812e+02, 1.9289952087402344e+02 ]
         - [ 3.0661761474609375e+02, 1.7779185485839844e+02 ]
         - [ 3.3956329345703125e+02, 1.6165806579589844e+02 ]
         - [ 3.7468051147460938e+02, 1.4442845153808594e+02 ]
         - [ 2.1215466308593750e+02, 2.4536895751953125e+02 ]
         - [ 2.3961767578125000e+02, 2.3265968322753906e+02 ]
         - [ 2.6845346069335938e+02, 2.1933018493652344e+02 ]
         - [ 2.9877572631835938e+02, 2.0523860168457031e+02 ]
         - [ 3.3092126464843750e+02, 1.9020069885253906e+02 ]
         - [ 3.6516281127929688e+02, 1.7430755615234375e+02 ]
         - [ 2.3294848632812500e+02, 2.5753378295898438e+02 ]
         - [ 2.6131036376953125e+02, 2.4499253845214844e+02 ]
         - [ 2.9110607910156250e+02, 2.3187585449218750e+02 ]
         - [ 3.2251522827148438e+02, 2.1798573303222656e+02 ]
         - [ 3.5596203613281250e+02, 2.0331649780273438e+02 ]
         - [ 3.9158062744140625e+02, 1.8743757629394531e+02 ]
         - [ 2.2636355590820312e+02, 2.8178097534179688e+02 ]
         - [ 2.5436210632324219e+02, 2.7004760742187500e+02 ]
         - [ 2.8362924194335938e+02, 2.5779818725585938e+02 ]
         - [ 3.1442996215820312e+02, 2.4488980102539062e+02 ]
         - [ 3.4704791259765625e+02, 2.3123001098632812e+02 ]
         - [ 3.8177459716796875e+02, 2.1658340454101562e+02 ]
         - [ 2.4746534729003906e+02, 2.9442276000976562e+02 ]
         - [ 2.7627447509765625e+02, 2.8297698974609375e+02 ]
         - [ 3.0653274536132812e+02, 2.7096994018554688e+02 ]
         - [ 3.3841348266601562e+02, 2.5830191040039062e+02 ]
         - [ 3.7236392211914062e+02, 2.4487796020507812e+02 ]
         - [ 4.0861584472656250e+02, 2.3044007873535156e+02 ]
         - [ 2.4072041320800781e+02, 3.1819412231445312e+02 ]
         - [ 2.6909051513671875e+02, 3.0750970458984375e+02 ]
         - [ 2.9889151000976562e+02, 2.9630783081054688e+02 ]
         - [ 3.3017205810546875e+02, 2.8459103393554688e+02 ]
         - [ 3.6322570800781250e+02, 2.7219332885742188e+02 ]
         - [ 3.9854937744140625e+02, 2.5900213623046875e+02 ]
      reprojectPoint:
         - [ 1.8354931640625000e+02, 1.7249600219726562e+02 ]
         - [ 2.0989772033691406e+02, 1.5789653015136719e+02 ]
         - [ 2.3772442626953125e+02, 1.4242958068847656e+02 ]
         - [ 2.6718130493164062e+02, 1.2600584411621094e+02 ]
         - [ 2.9844061279296875e+02, 1.0851950073242188e+02 ]
         - [ 3.3170385742187500e+02, 8.9838760375976562e+01 ]
         - [ 2.0388461303710938e+02, 1.8375585937500000e+02 ]
         - [ 2.3116055297851562e+02, 1.6925999450683594e+02 ]
         - [ 2.6000314331054688e+02, 1.5389103698730469e+02 ]
         - [ 2.9057336425781250e+02, 1.3755574035644531e+02 ]
         - [ 3.2305780029296875e+02, 1.2014565277099609e+02 ]
         - [ 3.5767614746093750e+02, 1.0152731323242188e+02 ]
         - [ 1.9800769042968750e+02, 2.0889666748046875e+02 ]
         - [ 2.2475733947753906e+02, 1.9531567382812500e+02 ]
         - [ 2.5301425170898438e+02, 1.8093778991699219e+02 ]
         - [ 2.8292858886718750e+02, 1.6567953491210938e+02 ]
         - [ 3.1467535400390625e+02, 1.4944416809082031e+02 ]
         - [ 3.4845825195312500e+02, 1.3212107849121094e+02 ]
         - [ 2.1850619506835938e+02, 2.2064164733886719e+02 ]
         - [ 2.4620388793945312e+02, 2.0719613647460938e+02 ]
         - [ 2.7549371337890625e+02, 1.9294940185546875e+02 ]
         - [ 3.0653890991210938e+02, 1.7781455993652344e+02 ]
         - [ 3.3953173828125000e+02, 1.6169206237792969e+02 ]
         - [ 3.7469400024414062e+02, 1.4446954345703125e+02 ]
         - [ 2.1239888000488281e+02, 2.4527899169921875e+02 ]
         - [ 2.3956124877929688e+02, 2.3271159362792969e+02 ]
         - [ 2.6825579833984375e+02, 2.1941499328613281e+02 ]
         - [ 2.9863381958007812e+02, 2.0531285095214844e+02 ]
         - [ 3.3087567138671875e+02, 1.9031550598144531e+02 ]
         - [ 3.6519186401367188e+02, 1.7432142639160156e+02 ]
         - [ 2.3307670593261719e+02, 2.5752716064453125e+02 ]
         - [ 2.6120239257812500e+02, 2.4512409973144531e+02 ]
         - [ 2.9094580078125000e+02, 2.3199057006835938e+02 ]
         - [ 3.2247421264648438e+02, 2.1804804992675781e+02 ]
         - [ 3.5598660278320312e+02, 2.0320469665527344e+02 ]
         - [ 3.9171063232421875e+02, 1.8735751342773438e+02 ]
         - [ 2.2674244689941406e+02, 2.8168237304687500e+02 ]
         - [ 2.5432270812988281e+02, 2.7012216186523438e+02 ]
         - [ 2.8346102905273438e+02, 2.5789846801757812e+02 ]
         - [ 3.1431198120117188e+02, 2.4494412231445312e+02 ]
         - [ 3.4706112670898438e+02, 2.3117868041992188e+02 ]
         - [ 3.8192523193359375e+02, 2.1650863647460938e+02 ]
         - [ 2.4760804748535156e+02, 2.9445028686523438e+02 ]
         - [ 2.7616744995117188e+02, 2.8308428955078125e+02 ]
         - [ 3.0637390136718750e+02, 2.7105725097656250e+02 ]
