%YAML:1.0
---
Date: "2022.26.5--12:41:08"
CountImg: 7
RMSE: 1.4946851488012669e-01
MeanErr: 7.2343231481291548e-01
CameraMatrix: !!opencv-matrix
   rows: 3
   cols: 3
   dt: d
   data: [ 8.0675853015869893e+02, 0., 3.1719883091869627e+02, 0.,
       8.0232710090390412e+02, 2.6010537622572230e+02, 0., 0., 1. ]
DistCoeffs: !!opencv-matrix
   rows: 1
   cols: 5
   dt: d
   data: [ 2.8883057596193733e-02, 4.4535597373699187e-01,
       1.6567241252310524e-03, 1.3239794033459967e-03,
       -9.5983919589643540e-01 ]
R:
   - !!opencv-matrix
      rows: 3
      cols: 1
      dt: d
      data: [ 2.9304394601183996e+00, 5.9218692614921714e-02,
          9.3855202469997318e-02 ]
   - !!opencv-matrix
      rows: 3
      cols: 1
      dt: d
      data: [ 2.8688143259352077e+00, 3.3819836184095981e-03,
          -1.0816256463476803e-01 ]
   - !!opencv-matrix
      rows: 3
      cols: 1
      dt: d
      data: [ 2.8578002830992086e+00, -1.0273661498004842e-01,
          -1.7313769836396925e-01 ]
   - !!opencv-matrix
      rows: 3
      cols: 1
      dt: d
      data: [ 2.8458707062452731e+00, 8.3467366202145538e-02,
          3.8105379282489460e-01 ]
   - !!opencv-matrix
      rows: 3
      cols: 1
      dt: d
      data: [ 2.7375808572273348e+00, -4.2940146012952988e-03,
          4.8241284710540139e-01 ]
   - !!opencv-matrix
      rows: 3
      cols: 1
      dt: d
      data: [ 2.6916151265089807e+00, -2.0896436738471712e-03,
          -1.1219426991854353e+00 ]
   - !!opencv-matrix
      rows: 3
      cols: 1
      dt: d
      data: [ 2.6505730454616288e+00, -1.2246411313927300e-01,
          -1.1516902877327786e+00 ]
T:
   - !!opencv-matrix
      rows: 3
      cols: 1
      dt: d
      data: [ -1.6232809841115042e-01, 6.5118260806660652e-02,
          5.7620719422369182e-01 ]
   - !!opencv-matrix
      rows: 3
      cols: 1
      dt: d
      data: [ -2.2829974391827154e-01, 8.2959860597268356e-02,
          5.6485514696487094e-01 ]
   - !!opencv-matrix
      rows: 3
      cols: 1
      dt: d
      data: [ -2.3471108883143926e-01, -4.2245934897002020e-02,
          6.2691947391124625e-01 ]
   - !!opencv-matrix
      rows: 3
      cols: 1
      dt: d
      data: [ -8.8974682830803051e-02, -7.6573334412523231e-02,
          6.6923210479555983e-01 ]
   - !!opencv-matrix
      rows: 3
      cols: 1
      dt: d
      data: [ -5.2083801396781773e-02, 6.4541864186055509e-02,
          6.1001026477403208e-01 ]
   - !!opencv-matrix
      rows: 3
      cols: 1
      dt: d
      data: [ -6.1823571216344929e-02, 1.5401401135304901e-01,
          6.9710202629501039e-01 ]
   - !!opencv-matrix
      rows: 3
      cols: 1
      dt: d
      data: [ -6.6339452974206167e-02, 6.8933091516602860e-02,
          6.8997259362102470e-01 ]
Size: [ 480, 640 ]
objectPoints:
   - [ 2.09999997e-02, 2.09999997e-02, 0., 4.19999994e-02,
       2.09999997e-02, 0., 6.30000010e-02, 2.09999997e-02, 0.,
       8.39999989e-02, 2.09999997e-02, 0., 1.04999997e-01,
       2.09999997e-02, 0., 1.26000002e-01, 2.09999997e-02, 0.,
       1.47000000e-01, 2.09999997e-02, 0., 1.67999998e-01,
       2.09999997e-02, 0., 2.09999997e-02, 4.19999994e-02, 0.,
       4.19999994e-02, 4.19999994e-02, 0., 6.30000010e-02,
       4.19999994e-02, 0., 8.39999989e-02, 4.19999994e-02, 0.,
       1.04999997e-01, 4.19999994e-02, 0., 1.26000002e-01,
       4.19999994e-02, 0., 1.47000000e-01, 4.19999994e-02, 0.,
       1.67999998e-01, 4.19999994e-02, 0., 2.09999997e-02,
       6.30000010e-02, 0., 4.19999994e-02, 6.30000010e-02, 0.,
       6.30000010e-02, 6.30000010e-02, 0., 8.39999989e-02,
       6.30000010e-02, 0., 1.04999997e-01, 6.30000010e-02, 0.,
       1.26000002e-01, 6.30000010e-02, 0., 1.47000000e-01,
       6.30000010e-02, 0., 2.09999997e-02, 8.39999989e-02, 0.,
       4.19999994e-02, 8.39999989e-02, 0., 6.30000010e-02,
       8.39999989e-02, 0., 8.39999989e-02, 8.39999989e-02, 0.,
       1.04999997e-01, 8.39999989e-02, 0., 1.26000002e-01,
       8.39999989e-02, 0., 1.47000000e-01, 8.39999989e-02, 0.,
       2.09999997e-02, 1.04999997e-01, 0., 4.19999994e-02,
       1.04999997e-01, 0., 6.30000010e-02, 1.04999997e-01, 0.,
       8.39999989e-02, 1.04999997e-01, 0., 1.04999997e-01,
       1.04999997e-01, 0., 1.26000002e-01, 1.04999997e-01, 0.,
       1.47000000e-01, 1.04999997e-01, 0., 1.67999998e-01,
       1.04999997e-01, 0. ]
   - [ 4.19999994e-02, 2.09999997e-02, 0., 6.30000010e-02,
       2.09999997e-02, 0., 8.39999989e-02, 2.09999997e-02, 0.,
       1.04999997e-01, 2.09999997e-02, 0., 1.26000002e-01,
       2.09999997e-02, 0., 1.47000000e-01, 2.09999997e-02, 0.,
       1.67999998e-01, 2.09999997e-02, 0., 4.19999994e-02,
       4.19999994e-02, 0., 6.30000010e-02, 4.19999994e-02, 0.,
       8.39999989e-02, 4.19999994e-02, 0., 1.04999997e-01,
       4.19999994e-02, 0., 1.26000002e-01, 4.19999994e-02, 0.,
       1.47000000e-01, 4.19999994e-02, 0., 1.67999998e-01,
       4.19999994e-02, 0., 4.19999994e-02, 6.30000010e-02, 0.,
       6.30000010e-02, 6.30000010e-02, 0., 8.39999989e-02,
       6.30000010e-02, 0., 1.04999997e-01, 6.30000010e-02, 0.,
       1.26000002e-01, 6.30000010e-02, 0., 1.47000000e-01,
       6.30000010e-02, 0., 1.67999998e-01, 6.30000010e-02, 0.,
       4.19999994e-02, 8.39999989e-02, 0., 6.30000010e-02,
       8.39999989e-02, 0., 8.39999989e-02, 8.39999989e-02, 0.,
       1.04999997e-01, 8.39999989e-02, 0., 1.26000002e-01,
       8.39999989e-02, 0., 1.47000000e-01, 8.39999989e-02, 0.,
       1.67999998e-01, 8.39999989e-02, 0., 2.09999997e-02,
       1.04999997e-01, 0., 4.19999994e-02, 1.04999997e-01, 0.,
       6.30000010e-02, 1.04999997e-01, 0., 8.39999989e-02,
       1.04999997e-01, 0., 1.04999997e-01, 1.04999997e-01, 0.,
       1.26000002e-01, 1.04999997e-01, 0., 1.47000000e-01,
       1.04999997e-01, 0., 1.67999998e-01, 1.04999997e-01, 0. ]
   - [ 2.09999997e-02, 2.09999997e-02, 0., 4.19999994e-02,
       2.09999997e-02, 0., 6.30000010e-02, 2.09999997e-02, 0.,
       8.39999989e-02, 2.09999997e-02, 0., 1.04999997e-01,
       2.09999997e-02, 0., 1.26000002e-01, 2.09999997e-02, 0.,
       1.47000000e-01, 2.09999997e-02, 0., 1.67999998e-01,
       2.09999997e-02, 0., 2.09999997e-02, 4.19999994e-02, 0.,
       4.19999994e-02, 4.19999994e-02, 0., 6.30000010e-02,
       4.19999994e-02, 0., 8.39999989e-02, 4.19999994e-02, 0.,
       1.04999997e-01, 4.19999994e-02, 0., 1.26000002e-01,
       4.19999994e-02, 0., 1.47000000e-01, 4.19999994e-02, 0.,
       1.67999998e-01, 4.19999994e-02, 0., 2.09999997e-02,
       6.30000010e-02, 0., 4.19999994e-02, 6.30000010e-02, 0.,
       6.30000010e-02, 6.30000010e-02, 0., 8.39999989e-02,
       6.30000010e-02, 0., 1.04999997e-01, 6.30000010e-02, 0.,
       1.26000002e-01, 6.30000010e-02, 0., 1.47000000e-01,
       6.30000010e-02, 0., 1.67999998e-01, 6.30000010e-02, 0.,
       2.09999997e-02, 8.39999989e-02, 0., 4.19999994e-02,
       8.39999989e-02, 0., 6.30000010e-02, 8.39999989e-02, 0.,
       8.39999989e-02, 8.39999989e-02, 0., 1.04999997e-01,
       8.39999989e-02, 0., 1.26000002e-01, 8.39999989e-02, 0.,
       1.47000000e-01, 8.39999989e-02, 0., 1.67999998e-01,
       8.39999989e-02, 0., 2.09999997e-02, 1.04999997e-01, 0.,
       4.19999994e-02, 1.04999997e-01, 0., 6.30000010e-02,
       1.04999997e-01, 0., 8.39999989e-02, 1.04999997e-01, 0.,
       1.04999997e-01, 1.04999997e-01, 0., 1.26000002e-01,
       1.04999997e-01, 0., 1.47000000e-01, 1.04999997e-01, 0.,
       1.67999998e-01, 1.04999997e-01, 0. ]
   - [ 2.09999997e-02, 2.09999997e-02, 0., 4.19999994e-02,
       2.09999997e-02, 0., 6.30000010e-02, 2.09999997e-02, 0.,
       1.26000002e-01, 2.09999997e-02, 0., 1.47000000e-01,
       2.09999997e-02, 0., 2.09999997e-02, 4.19999994e-02, 0.,
       4.19999994e-02, 4.19999994e-02, 0., 6.30000010e-02,
       4.19999994e-02, 0., 1.26000002e-01, 4.19999994e-02, 0.,
       1.47000000e-01, 4.19999994e-02, 0., 4.19999994e-02,
       6.30000010e-02, 0., 6.30000010e-02, 6.30000010e-02, 0.,
       8.39999989e-02, 6.30000010e-02, 0., 1.04999997e-01,
