%YAML:1.0
---
Date: "2022.25.5--11:11:07"
CountImg: 11
RMSE: 1.3730442862410211e-01
MeanErr: 8.5039847918677824e-01
CameraMatrix: !!opencv-matrix
   rows: 3
   cols: 3
   dt: d
   data: [ 2.3198646066663136e+03, 0., 4.5323863340280246e+02, 0.,
       2.3056455500601942e+03, 6.6021366092409437e+02, 0., 0., 1. ]
DistCoeffs: !!opencv-matrix
   rows: 1
   cols: 5
   dt: d
   data: [ -1.1027861936079493e-01, 3.7745113384075613e-01,
       7.6754195627181396e-03, -6.3355132507460950e-03,
       -1.0470116263305029e-01 ]
R:
   - !!opencv-matrix
      rows: 3
      cols: 1
      dt: d
      data: [ -2.8822251579246818e+00, 7.2147230389804168e-02,
          3.3432811980402577e-01 ]
   - !!opencv-matrix
      rows: 3
      cols: 1
      dt: d
      data: [ -2.9285904564332852e+00, 3.9193079842536338e-02,
          2.2903885925887768e-01 ]
   - !!opencv-matrix
      rows: 3
      cols: 1
      dt: d
      data: [ -2.9533346194636523e+00, -4.6346627027160997e-02,
          3.7089906758336671e-01 ]
   - !!opencv-matrix
      rows: 3
      cols: 1
      dt: d
      data: [ -2.9429932721547467e+00, -2.7709760626066681e-02,
          3.6457701215614774e-01 ]
   - !!opencv-matrix
      rows: 3
      cols: 1
      dt: d
      data: [ -2.9518319938009103e+00, -1.7698774054436837e-02,
          2.8164732166031270e-01 ]
   - !!opencv-matrix
      rows: 3
      cols: 1
      dt: d
      data: [ -2.9811677981909859e+00, 5.1884618141937115e-02,
          3.5945387700840220e-01 ]
   - !!opencv-matrix
      rows: 3
      cols: 1
      dt: d
      data: [ -2.9838802939907101e+00, -3.3729548344290997e-03,
          3.6731682148641537e-01 ]
   - !!opencv-matrix
      rows: 3
      cols: 1
      dt: d
      data: [ -3.0203854789480502e+00, -1.5366375197713437e-02,
          3.0456884239690829e-01 ]
   - !!opencv-matrix
      rows: 3
      cols: 1
      dt: d
      data: [ -2.9989362199438570e+00, 2.7711433119704816e-04,
          4.1183725787656909e-02 ]
   - !!opencv-matrix
      rows: 3
      cols: 1
      dt: d
      data: [ -2.9583013354057885e+00, -2.2578855068010533e-02,
          1.5893046332613889e-01 ]
   - !!opencv-matrix
      rows: 3
      cols: 1
      dt: d
      data: [ -2.9398148286937915e+00, 4.5712160312043233e-02,
          1.0495974637312801e-01 ]
T:
   - !!opencv-matrix
      rows: 3
      cols: 1
      dt: d
      data: [ 2.6045083855029338e-01, -2.1337783524353126e-02,
          1.4661067195540602e+00 ]
   - !!opencv-matrix
      rows: 3
      cols: 1
      dt: d
      data: [ 2.8237432077608138e-01, -8.1002418630453099e-02,
          1.4305684037089894e+00 ]
   - !!opencv-matrix
      rows: 3
      cols: 1
      dt: d
      data: [ 2.4748981378945076e-01, -1.5507748487561290e-01,
          1.3768759864868911e+00 ]
   - !!opencv-matrix
      rows: 3
      cols: 1
      dt: d
      data: [ 2.6224172933260637e-01, -2.0470388223716218e-01,
          1.3900306457218430e+00 ]
   - !!opencv-matrix
      rows: 3
      cols: 1
      dt: d
      data: [ 2.3961353635202037e-01, -2.4198019405678353e-01,
          1.3463825387227961e+00 ]
   - !!opencv-matrix
      rows: 3
      cols: 1
      dt: d
      data: [ 9.5524204096177540e-02, -2.0761245465936970e-01,
          1.3536362354094267e+00 ]
   - !!opencv-matrix
      rows: 3
      cols: 1
      dt: d
      data: [ 4.6692710116226785e-03, -2.0337504169465728e-01,
          1.3311364173514038e+00 ]
   - !!opencv-matrix
      rows: 3
      cols: 1
      dt: d
      data: [ -7.1049679753820922e-04, -1.8094737930147067e-01,
          1.2987115868661796e+00 ]
   - !!opencv-matrix
      rows: 3
      cols: 1
      dt: d
      data: [ 7.7227338514854176e-03, -1.3807146544008475e-01,
          1.3506732222288473e+00 ]
   - !!opencv-matrix
      rows: 3
      cols: 1
      dt: d
      data: [ 3.2093834218041808e-02, -6.0724858975532023e-02,
          1.4351738376219723e+00 ]
   - !!opencv-matrix
      rows: 3
      cols: 1
      dt: d
      data: [ 1.1710371371415340e-01, -3.8888836017359776e-02,
          1.0347210148391639e+00 ]
Size: [ 960, 1280 ]
