%YAML:1.0
---
Date: "2022.24.5--19:29:01"
Pattern: Chessboard
SizePattern: "5 x 8"
CountPair: 10
RMSE: 3.8656002457687613e+01
AverageReprojectionErr: 3.6321704101562502e+00
cameraMatrixFirst: !!opencv-matrix
   rows: 3
   cols: 3
   dt: d
   data: [ 8.5402403958294747e+02, 0., 3.2828812328908509e+02, 0.,
       8.5167987180303908e+02, 2.2116415554213472e+02, 0., 0., 1. ]
cameraMatrixSecond: !!opencv-matrix
   rows: 3
   cols: 3
   dt: d
   data: [ 8.4286464882615030e+02, 0., 3.2935917384698405e+02, 0.,
       8.3944629729411849e+02, 2.4220149599931850e+02, 0., 0., 1. ]
DistCoeffsFirst: !!opencv-matrix
   rows: 1
   cols: 5
   dt: d
   data: [ 7.4370169891408294e-02, 5.6214351266360563e-01,
       -1.5964270164030112e-02, 1.5436761197927971e-03,
       -1.7938192554364252e+00 ]
DistCoeffsSecond: !!opencv-matrix
   rows: 1
   cols: 5
   dt: d
   data: [ 2.9288533903263921e-02, 7.7526913167311540e-01,
       -5.9648465164036813e-03, 8.1345046796153925e-03,
       -1.9558373913183005e+00 ]
R: !!opencv-matrix
   rows: 3
   cols: 3
   dt: d
   data: [ 9.9589095283096329e-01, -1.5442696645994175e-02,
       -8.9234148114585882e-02, 1.0056336943937811e-02,
       9.9811757490355224e-01, -6.0499394674011352e-02,
       9.0000445313931865e-02, 5.9353431147252146e-02,
       9.9417155966882420e-01 ]
T: !!opencv-matrix
   rows: 3
   cols: 1
   dt: d
   data: [ -3.1588729132804298e-02, 1.8878631495253750e-04,
       3.7422588962245638e-03 ]
E: !!opencv-matrix
   rows: 3
   cols: 3
   dt: d
   data: [ -2.0642563976978443e-05, -3.7240092586148269e-03,
       4.1409038311551402e-04, 6.5698814667547890e-03,
       1.8171088907079291e-03, 3.1070678825287242e-02,
       -5.0567748686979335e-04, -3.1526350346527086e-02,
       1.9279451770464490e-03 ]
F: !!opencv-matrix
   rows: 3
   cols: 3
   dt: d
   data: [ -1.7208805968322040e-08, -3.1130891861038791e-06,
       9.8897006280850974e-04, 5.4993271228091078e-06,
       1.5251996096219210e-06, 2.0068559420571605e-02,
       -1.6815964807533482e-03, -2.1557343575375112e-02, 1. ]
R1: !!opencv-matrix
   rows: 3
   cols: 3
   dt: d
   data: [ 9.7831008692204091e-01, -2.8241331206450893e-02,
       -2.0521160064254723e-01, 2.2086626899262177e-02,
       9.9923668992596959e-01, -3.2221396897160623e-02,
       2.0596493570217611e-01, 2.6990085540418471e-02,
       9.7818708872266336e-01 ]
R2: !!opencv-matrix
   rows: 3
   cols: 3
   dt: d
   data: [ 9.9303816930620237e-01, -5.9347755271308483e-03,
       -1.1764341350211194e-01, 9.4402117306343677e-03,
       9.9952718727344492e-01, 2.9262335923786287e-02,
       1.1741412480390556e-01, -3.0169195227554350e-02,
       9.9262467375934949e-01 ]
P1: !!opencv-matrix
   rows: 3
   cols: 4
   dt: d
   data: [ 8.4556308454857879e+02, 0., 5.3189125823974609e+02, 0., 0.,
       8.4556308454857879e+02, 2.3034246444702148e+02, 0., 0., 0., 1.,
       0. ]
P2: !!opencv-matrix
   rows: 3
   cols: 4
   dt: d
   data: [ 8.4556308454857879e+02, 0., 4.4664367294311523e+02,
       -2.6897519217378111e+01, 0., 8.4556308454857879e+02,
       2.3034246444702148e+02, 0., 0., 0., 1., 0. ]
Q: !!opencv-matrix
   rows: 4
   cols: 4
   dt: d
   data: [ 1., 0., 0., -5.3189125823974609e+02, 0., 1., 0.,
       -2.3034246444702148e+02, 0., 0., 0., 8.4556308454857879e+02, 0.,
       0., 3.1436471063185348e+01, -2.6798832483839610e+03 ]
ImgSize: [ 640, 480 ]
