%YAML:1.0
---
Date: "2021.02.12--16:26:56"
Pattern: Assymetric Circles
SizePattern: "6 x 9"
CountImg: 95
RMSE: 1.3673527590928089e+01
CameraMatrix: !!opencv-matrix
   rows: 3
   cols: 3
   dt: d
   data: [ 7.5743139341998212e+03, 0., 2.1988267240080327e+02, 0.,
       3.8239378954058361e+03, 3.2139325888679105e+02, 0., 0., 1. ]
DistCoeffs: !!opencv-matrix
   rows: 1
   cols: 5
   dt: d
   data: [ -1.1544067378040504e+01, 1.3276171723912355e+03,
       -4.0186979993740532e-02, 6.7890479596552089e-01,
       2.7771175314364931e+00 ]
R:
   - !!opencv-matrix
      rows: 3
      cols: 1
      dt: d
      data: [ 4.3994561765769263e-01, -2.9826222400062746e-01,
          3.0911268800539777e+00 ]
   - !!opencv-matrix
      rows: 3
      cols: 1
      dt: d
      data: [ 8.1388616528053315e-01, -7.6008353713943366e-01,
          -2.6707385263727810e+00 ]
   - !!opencv-matrix
      rows: 3
      cols: 1
      dt: d
      data: [ -8.8739631977378775e-01, -8.5263241245674060e-01,
          2.4250740540037770e+00 ]
   - !!opencv-matrix
      rows: 3
      cols: 1
      dt: d
      data: [ 6.8952687870843943e-01, -6.0182075793156087e-01,
          -2.8653425116746836e+00 ]
   - !!opencv-matrix
      rows: 3
      cols: 1
      dt: d
      data: [ -7.6647210132351218e-01, 7.3955626933086560e-01,
          -2.7592329055741112e+00 ]
   - !!opencv-matrix
      rows: 3
      cols: 1
      dt: d
      data: [ 6.6748879890105672e-01, -6.9255440568458893e-01,
          -2.8355138834791207e+00 ]
   - !!opencv-matrix
      rows: 3
      cols: 1
      dt: d
      data: [ -6.2709666817774767e-01, 4.0692141400578186e-01,
          3.1053170327618616e+00 ]
   - !!opencv-matrix
      rows: 3
      cols: 1
      dt: d
      data: [ 4.6035977098702630e-01, -3.5820562512363641e-01,
          -3.0703763215758282e+00 ]
   - !!opencv-matrix
      rows: 3
      cols: 1
      dt: d
      data: [ -4.0783877097922477e-01, 2.5873553670490457e-01,
          3.0963058177838234e+00 ]
   - !!opencv-matrix
      rows: 3
      cols: 1
      dt: d
      data: [ 7.0491662581396564e-01, -6.3886463491828283e-01,
          -2.8404006387185796e+00 ]
   - !!opencv-matrix
      rows: 3
      cols: 1
      dt: d
      data: [ -5.1618463845469043e-01, 5.9603449582607659e-01,
          -2.9466977738552829e+00 ]
   - !!opencv-matrix
      rows: 3
      cols: 1
      dt: d
      data: [ 9.1736184014131217e-01, -6.2649838425019555e-01,
          -2.7188512018631354e+00 ]
   - !!opencv-matrix
      rows: 3
      cols: 1
      dt: d
      data: [ -7.1016431665297908e-01, -4.9257434293932367e-01,
          2.8016201970053625e+00 ]
   - !!opencv-matrix
      rows: 3
      cols: 1
      dt: d
      data: [ 8.8913077649686689e-01, 8.0339223147389149e-01,
          2.5070035823314716e+00 ]
   - !!opencv-matrix
      rows: 3
      cols: 1
      dt: d
      data: [ 9.4725143354436536e-01, 8.1047296431049343e-01,
          2.4387828873061541e+00 ]
   - !!opencv-matrix
      rows: 3
      cols: 1
      dt: d
      data: [ 8.8657785003715273e-01, 8.2376150488731759e-01,
          2.5033280548605550e+00 ]
   - !!opencv-matrix
      rows: 3
      cols: 1
      dt: d
      data: [ 6.4790466535986113e-01, 4.1850354585552069e-01,
          2.8993774536766752e+00 ]
   - !!opencv-matrix
      rows: 3
      cols: 1
      dt: d
      data: [ 1.0163332904701101e+00, 9.4731900126633473e-01,
          2.1707002572642660e+00 ]
   - !!opencv-matrix
      rows: 3
      cols: 1
      dt: d
      data: [ 8.4097751266328524e-01, -7.9083857335468866e-01,
          -2.6198902269879230e+00 ]
   - !!opencv-matrix
      rows: 3
      cols: 1
      dt: d
      data: [ 7.2434672326637362e-01, -5.5563039086978505e-01,
          -2.8987921725797872e+00 ]
   - !!opencv-matrix
      rows: 3
      cols: 1
      dt: d
      data: [ -6.8120553503621573e-01, -5.5536796210740058e-01,
          2.7966404965552618e+00 ]
   - !!opencv-matrix
      rows: 3
      cols: 1
      dt: d
      data: [ 4.8968591112057480e-01, -5.5650742513610751e-01,
          -2.9732450839510025e+00 ]
   - !!opencv-matrix
      rows: 3
      cols: 1
      dt: d
      data: [ 8.8512409834950201e-01, 8.1473968934573537e-01,
          2.4822161888912437e+00 ]
   - !!opencv-matrix
      rows: 3
      cols: 1
      dt: d
      data: [ 1.0320872769362255e+00, 9.5227963199447319e-01,
          2.1111212440513905e+00 ]
   - !!opencv-matrix
      rows: 3
      cols: 1
      dt: d
      data: [ 6.8391182717582877e-01, 5.7800326062604190e-01,
          2.8142236753261534e+00 ]
   - !!opencv-matrix
      rows: 3
      cols: 1
      dt: d
      data: [ -8.3344875395991458e-01, -7.5429670988177733e-01,
          2.5698639294855794e+00 ]
   - !!opencv-matrix
      rows: 3
      cols: 1
      dt: d
      data: [ 9.5107079473865830e-01, 8.4597580624368907e-01,
          2.4093577849499122e+00 ]
   - !!opencv-matrix
      rows: 3
      cols: 1
      dt: d
      data: [ 6.7189728657346781e-01, -4.2187639985493669e-01,
          -2.9709674053159825e+00 ]
   - !!opencv-matrix
      rows: 3
      cols: 1
      dt: d
      data: [ 6.4779538020892202e-01, 4.5756532543329059e-01,
          2.8880550123298221e+00 ]
   - !!opencv-matrix
      rows: 3
      cols: 1
      dt: d
      data: [ -8.6612110815030852e-01, 8.5243322222512585e-01,
          -2.6650363214103345e+00 ]
   - !!opencv-matrix
      rows: 3
      cols: 1
      dt: d
      data: [ -6.4804644046114568e-01, 3.4366879783583071e-01,
          -3.0812566355967594e+00 ]
   - !!opencv-matrix
      rows: 3
      cols: 1
      dt: d
      data: [ 6.6683072646089858e-01, 6.8157810614599301e-01,
          2.7664169852405656e+00 ]
   - !!opencv-matrix
      rows: 3
      cols: 1
      dt: d
      data: [ 5.8403808618963871e-01, 4.5816549896827669e-01,
          2.9355998139572570e+00 ]
   - !!opencv-matrix
      rows: 3
      cols: 1
      dt: d
      data: [ -1.0017338784206298e+00, 1.0134863406045485e+00,
          -2.2485413550852056e+00 ]
   - !!opencv-matrix
      rows: 3
      cols: 1
      dt: d
      data: [ 7.2190793762561400e-01, 4.7236169198811190e-01,
          2.8590626092898774e+00 ]
   - !!opencv-matrix
      rows: 3
      cols: 1
      dt: d
      data: [ -8.0620075110650580e-01, 8.0239819535800938e-01,
          -2.7254590443138320e+00 ]
   - !!opencv-matrix
      rows: 3
      cols: 1
      dt: d
      data: [ -6.6859751925314848e-01, -6.9220224559650245e-01,
          2.7496784553671216e+00 ]
   - !!opencv-matrix
      rows: 3
      cols: 1
      dt: d
      data: [ -3.4399002996209377e-01, -4.5872483442419287e-01,
          -3.1224314191892364e+00 ]
   - !!opencv-matrix
      rows: 3
      cols: 1
      dt: d
      data: [ 6.4123245628723158e-01, -5.6842004969246940e-01,
          -2.8607007074377484e+00 ]
   - !!opencv-matrix
      rows: 3
      cols: 1
      dt: d
      data: [ -6.5454402521331290e-01, 5.8582884591296436e-01,
          -2.9333358320566680e+00 ]
   - !!opencv-matrix
      rows: 3
      cols: 1
      dt: d
      data: [ -1.0264642890103808e+00, 1.1139683860685423e+00,
          -1.8817078553374382e+00 ]
   - !!opencv-matrix
      rows: 3
      cols: 1
      dt: d
      data: [ -4.8091559110308391e-01, -3.7755878460917125e-01,
          2.9790891384250271e+00 ]
   - !!opencv-matrix
      rows: 3
      cols: 1
      dt: d
      data: [ -9.3766309426277228e-01, 1.0009229606034424e+00,
          -2.4357877931467082e+00 ]
   - !!opencv-matrix
      rows: 3
      cols: 1
      dt: d
      data: [ 6.5707293480180096e-01, -7.9995128592664877e-01,
          -2.7895860374758126e+00 ]
   - !!opencv-matrix
      rows: 3
      cols: 1
      dt: d
      data: [ 7.1615092347401821e-01, 6.8521418851295968e-01,
          2.7103513674573603e+00 ]
   - !!opencv-matrix
      rows: 3
      cols: 1
      dt: d
      data: [ 7.3684614448805530e-01, -6.5788097852594662e-01,
          -2.8208780754077809e+00 ]
   - !!opencv-matrix
      rows: 3
      cols: 1
      dt: d
      data: [ -8.2934734437460175e-02, -4.4310406887641884e-01,
