%YAML:1.0
---
Date: "2022.24.5--12:05:37"
CountImg: 10
RMSE: 1.2068792301248975e-01
MeanErr: 7.2478517280226273e-01
CameraMatrix: !!opencv-matrix
   rows: 3
   cols: 3
   dt: d
   data: [ 8.6139341909925508e+02, 0., 3.3202966826571060e+02, 0.,
       8.5590927850158130e+02, 2.3726975906378686e+02, 0., 0., 1. ]
DistCoeffs: !!opencv-matrix
   rows: 1
   cols: 5
   dt: d
   data: [ 4.2990715218635712e-02, 8.7822106561080748e-01,
       -3.4726957781348396e-03, 7.9128160375953899e-03,
       -2.5895767898549464e+00 ]
R:
   - !!opencv-matrix
      rows: 3
      cols: 1
      dt: d
      data: [ 3.0167650225059117e+00, -9.4111123205807320e-02,
          7.2864254887207242e-02 ]
   - !!opencv-matrix
      rows: 3
      cols: 1
      dt: d
      data: [ 2.9553337748529405e+00, -5.0486875282351670e-02,
          -1.5952430470220495e-02 ]
   - !!opencv-matrix
      rows: 3
      cols: 1
      dt: d
      data: [ 2.9144274781182413e+00, -7.4081262756432315e-02,
          -2.9644043254567844e-02 ]
   - !!opencv-matrix
      rows: 3
      cols: 1
      dt: d
      data: [ 2.9324376109273746e+00, -2.7618129784251978e-02,
          7.6552908269569397e-02 ]
   - !!opencv-matrix
      rows: 3
      cols: 1
      dt: d
      data: [ 3.0027742967709496e+00, -4.6064198490950614e-02,
          2.5158640174614097e-02 ]
   - !!opencv-matrix
      rows: 3
      cols: 1
      dt: d
      data: [ 3.0635662879592958e+00, -5.1670047183812469e-02,
          -1.8478780038141449e-02 ]
   - !!opencv-matrix
      rows: 3
      cols: 1
      dt: d
      data: [ 3.0399495813465860e+00, -1.0750415862910613e-01,
          2.9141300678024362e-01 ]
   - !!opencv-matrix
      rows: 3
      cols: 1
      dt: d
      data: [ 3.0799265138601832e+00, -1.6622587104433637e-01,
          1.6162887983538449e-01 ]
   - !!opencv-matrix
      rows: 3
      cols: 1
      dt: d
      data: [ 2.8026274976624683e+00, -2.2847754812026732e-02,
          9.2579182871505727e-01 ]
   - !!opencv-matrix
      rows: 3
      cols: 1
      dt: d
      data: [ 2.8375022949103226e+00, -1.4255675855426292e-01,
          8.1125449299103103e-01 ]
T:
   - !!opencv-matrix
      rows: 3
      cols: 1
      dt: d
      data: [ -2.4606952847748506e-01, 6.0820607539649213e-02,
          6.7415196721146142e-01 ]
   - !!opencv-matrix
      rows: 3
      cols: 1
      dt: d
      data: [ -2.2870630127688141e-01, 1.4595366918731373e-01,
          6.4916576560091632e-01 ]
   - !!opencv-matrix
      rows: 3
      cols: 1
      dt: d
      data: [ -1.4366049130319938e-01, 1.3072281320501933e-01,
          6.2258895812808801e-01 ]
   - !!opencv-matrix
      rows: 3
      cols: 1
      dt: d
      data: [ -8.9282122342167786e-02, 1.1825626604095504e-01,
          6.1547913300995527e-01 ]
   - !!opencv-matrix
      rows: 3
      cols: 1
      dt: d
      data: [ -1.1728147952689030e-01, 3.0606821376822670e-02,
          6.1966317822816996e-01 ]
   - !!opencv-matrix
      rows: 3
      cols: 1
      dt: d
      data: [ -1.3118979228411351e-01, -2.2493826079712374e-02,
          6.0996499253099334e-01 ]
   - !!opencv-matrix
      rows: 3
      cols: 1
      dt: d
      data: [ -1.9810698300923785e-01, 1.0921054790332544e-02,
          5.7180508765551541e-01 ]
   - !!opencv-matrix
      rows: 3
      cols: 1
      dt: d
      data: [ -1.1146003245751682e-01, 5.0522053499845190e-02,
          5.4241700907223755e-01 ]
   - !!opencv-matrix
      rows: 3
      cols: 1
      dt: d
      data: [ -2.0695195200708397e-01, 1.0754980977343348e-01,
          6.5549649132695020e-01 ]
   - !!opencv-matrix
      rows: 3
      cols: 1
      dt: d
      data: [ -2.3246775268390479e-01, -2.1593117679485792e-02,
          6.4893393163257374e-01 ]
Size: [ 480, 640 ]
objectPoints:
   - [ 6.30000010e-02, 2.09999997e-02, 0., 8.39999989e-02,
       2.09999997e-02, 0., 1.47000000e-01, 2.09999997e-02, 0.,
       1.67999998e-01, 2.09999997e-02, 0., 2.09999997e-02,
       4.19999994e-02, 0., 4.19999994e-02, 4.19999994e-02, 0.,
       6.30000010e-02, 4.19999994e-02, 0., 8.39999989e-02,
       4.19999994e-02, 0., 1.04999997e-01, 4.19999994e-02, 0.,
       1.26000002e-01, 4.19999994e-02, 0., 1.47000000e-01,
       4.19999994e-02, 0., 1.67999998e-01, 4.19999994e-02, 0.,
       2.09999997e-02, 6.30000010e-02, 0., 4.19999994e-02,
       6.30000010e-02, 0., 6.30000010e-02, 6.30000010e-02, 0.,
       8.39999989e-02, 6.30000010e-02, 0., 1.04999997e-01,
       6.30000010e-02, 0., 1.26000002e-01, 6.30000010e-02, 0.,
       1.47000000e-01, 6.30000010e-02, 0., 1.67999998e-01,
       6.30000010e-02, 0., 2.09999997e-02, 8.39999989e-02, 0.,
       4.19999994e-02, 8.39999989e-02, 0., 6.30000010e-02,
       8.39999989e-02, 0., 8.39999989e-02, 8.39999989e-02, 0.,
       1.04999997e-01, 8.39999989e-02, 0., 1.26000002e-01,
       8.39999989e-02, 0., 1.47000000e-01, 8.39999989e-02, 0.,
       1.67999998e-01, 8.39999989e-02, 0., 2.09999997e-02,
       1.04999997e-01, 0., 4.19999994e-02, 1.04999997e-01, 0.,
       6.30000010e-02, 1.04999997e-01, 0., 8.39999989e-02,
       1.04999997e-01, 0., 1.04999997e-01, 1.04999997e-01, 0.,
       1.26000002e-01, 1.04999997e-01, 0., 1.47000000e-01,
       1.04999997e-01, 0., 1.67999998e-01, 1.04999997e-01, 0. ]
   - [ 2.09999997e-02, 2.09999997e-02, 0., 4.19999994e-02,
       2.09999997e-02, 0., 6.30000010e-02, 2.09999997e-02, 0.,
       8.39999989e-02, 2.09999997e-02, 0., 1.04999997e-01,
       2.09999997e-02, 0., 1.26000002e-01, 2.09999997e-02, 0.,
       1.47000000e-01, 2.09999997e-02, 0., 1.67999998e-01,
       2.09999997e-02, 0., 2.09999997e-02, 4.19999994e-02, 0.,
       4.19999994e-02, 4.19999994e-02, 0., 6.30000010e-02,
       4.19999994e-02, 0., 8.39999989e-02, 4.19999994e-02, 0.,
       1.04999997e-01, 4.19999994e-02, 0., 1.26000002e-01,
       4.19999994e-02, 0., 1.47000000e-01, 4.19999994e-02, 0.,
       1.67999998e-01, 4.19999994e-02, 0., 2.09999997e-02,
       6.30000010e-02, 0., 4.19999994e-02, 6.30000010e-02, 0.,
       6.30000010e-02, 6.30000010e-02, 0., 8.39999989e-02,
       6.30000010e-02, 0., 1.04999997e-01, 6.30000010e-02, 0.,
       1.26000002e-01, 6.30000010e-02, 0., 1.47000000e-01,
       6.30000010e-02, 0., 2.09999997e-02, 8.39999989e-02, 0.,
       4.19999994e-02, 8.39999989e-02, 0., 6.30000010e-02,
       8.39999989e-02, 0., 8.39999989e-02, 8.39999989e-02, 0.,
       1.04999997e-01, 8.39999989e-02, 0., 1.26000002e-01,
       8.39999989e-02, 0., 1.47000000e-01, 8.39999989e-02, 0.,
       2.09999997e-02, 1.04999997e-01, 0., 4.19999994e-02,
       1.04999997e-01, 0., 6.30000010e-02, 1.04999997e-01, 0.,
       8.39999989e-02, 1.04999997e-01, 0., 1.04999997e-01,
       1.04999997e-01, 0., 1.26000002e-01, 1.04999997e-01, 0.,
       1.47000000e-01, 1.04999997e-01, 0., 1.67999998e-01,
       1.04999997e-01, 0. ]
   - [ 2.09999997e-02, 2.09999997e-02, 0., 4.19999994e-02,
       2.09999997e-02, 0., 6.30000010e-02, 2.09999997e-02, 0.,
       8.39999989e-02, 2.09999997e-02, 0., 1.04999997e-01,
       2.09999997e-02, 0., 1.26000002e-01, 2.09999997e-02, 0.,
       1.47000000e-01, 2.09999997e-02, 0., 1.67999998e-01,
       2.09999997e-02, 0., 2.09999997e-02, 4.19999994e-02, 0.,
       4.19999994e-02, 4.19999994e-02, 0., 6.30000010e-02,
       4.19999994e-02, 0., 8.39999989e-02, 4.19999994e-02, 0.,
       1.04999997e-01, 4.19999994e-02, 0., 1.26000002e-01,
       4.19999994e-02, 0., 1.47000000e-01, 4.19999994e-02, 0.,
       1.67999998e-01, 4.19999994e-02, 0., 2.09999997e-02,
       6.30000010e-02, 0., 4.19999994e-02, 6.30000010e-02, 0.,
       6.30000010e-02, 6.30000010e-02, 0., 8.39999989e-02,
       6.30000010e-02, 0., 1.04999997e-01, 6.30000010e-02, 0.,
       1.26000002e-01, 6.30000010e-02, 0., 1.47000000e-01,
       6.30000010e-02, 0., 2.09999997e-02, 8.39999989e-02, 0.,
       4.19999994e-02, 8.39999989e-02, 0., 6.30000010e-02,
       8.39999989e-02, 0., 8.39999989e-02, 8.39999989e-02, 0.,
       1.04999997e-01, 8.39999989e-02, 0., 1.26000002e-01,
       8.39999989e-02, 0., 2.09999997e-02, 1.04999997e-01, 0.,
