%YAML:1.0
---
FirstCameraName: USB Video Device
FirstCameraIndex: 1
SecondCameraName: USB Video Device
SecondCameraIndex: 2
Exposure: 10.
Gain: 0.
Pattern: Circles
Row: 6
Col: 9
CheckerSize: 2.1000000000000001e-02
MarkerSize: 0.
DictionaryName: NULL
isWebCamera: 1
isBaslerCamera: 0
SettingCalibration:
   isUseParametr: 0
   isFixedFocal: 0
   isFixedAspectRatio: 0
   isFixedPrincipalPoint: 0
   isfixedK1: 0
   isfixedK2: 0
   isfixedK3: 0
   isfixedK4: 0
   iszeroTangent: 0
   isCaibration: 0
   isStereoCaibration: 1
   numCamera: 1
   cameraModel: 0
   fx: 8.3975139379999996e+02
   fy: 8.3882316969999999e+02
   cx: 3.2356851300000000e+02
   cy: 2.1701899770000000e+02
   k1: 2.2088699999999999e-02
   k2: 1.7355086000000000e+00
   k3: 0.
   k4: 0.
   isSameFocalLengStereo: 0
   isfixAspectRatioStereo: 0
   isfixFocalLengthStereo: 0
   isfixPrincipalPointStereo: 0
   isUseSingleCalibratedInStereo: 0
   iszeroTangentS: 0
   isfixedK1S: 0
   isfixedK2S: 0
   isfixedK3S: 0
   fx1: 8.3975139379999996e+02
   fy1: 8.3882316969999999e+02
   fx2: 8.3887430900000004e+02
   fy2: 8.3653339210000001e+02
   cx1: 3.2356851300000000e+02
   cy1: 2.1701899770000000e+02
   cx1: 3.2356851300000000e+02
   cx2: 3.1550660840000000e+02
   cy2: 2.2600680080000001e+02
   k1S1: 2.2088699999999999e-02
   k2S1: 1.7355086000000000e+00
   k3S1: 0.
   k1S2: 1.1714150000000000e-01
   k2S2: 0.
   k3S2: 7.9682600000000003e-01
ImageInfoCamera1:
   -
      isActive: 1
      isCalib: 1
      cameraPath: "D:/PRoG/Git-repos/Camera-calibration-With-OpenCV/DebugTest/TestCircle2/Camera1/Accumulated/1.png"
      drawPath: NONE
      undistortedPath: "D:/PRoG/Git-repos/Camera-calibration-With-OpenCV/DebugTest/TestCircle2/Camera1/Undistorted/1.png"
      state: Succes
      err: 7.6879139569839805e-01
      imgpoint:
         - [ 2.7005639648437500e+02, 2.0289703369140625e+02 ]
         - [ 2.9445141601562500e+02, 2.0226475524902344e+02 ]
         - [ 3.1877700805664062e+02, 2.0174029541015625e+02 ]
         - [ 3.4295089721679688e+02, 2.0116963195800781e+02 ]
         - [ 3.6712939453125000e+02, 2.0056971740722656e+02 ]
         - [ 3.9124606323242188e+02, 1.9999581909179688e+02 ]
         - [ 4.1543164062500000e+02, 1.9939535522460938e+02 ]
         - [ 4.3968447875976562e+02, 1.9874848937988281e+02 ]
         - [ 4.6404046630859375e+02, 1.9804418945312500e+02 ]
         - [ 2.7052798461914062e+02, 2.2708506774902344e+02 ]
         - [ 2.9497576904296875e+02, 2.2650933837890625e+02 ]
         - [ 3.1937335205078125e+02, 2.2590042114257812e+02 ]
         - [ 3.4360885620117188e+02, 2.2525265502929688e+02 ]
         - [ 3.6777517700195312e+02, 2.2460862731933594e+02 ]
         - [ 3.9198623657226562e+02, 2.2402142333984375e+02 ]
         - [ 4.1620672607421875e+02, 2.2341593933105469e+02 ]
         - [ 4.4051370239257812e+02, 2.2274851989746094e+02 ]
         - [ 4.6495925903320312e+02, 2.2209236145019531e+02 ]
         - [ 2.7107022094726562e+02, 2.5125671386718750e+02 ]
         - [ 2.9555349731445312e+02, 2.5067813110351562e+02 ]
         - [ 3.1996578979492188e+02, 2.5002308654785156e+02 ]
         - [ 3.4424853515625000e+02, 2.4940563964843750e+02 ]
         - [ 3.6851159667968750e+02, 2.4879933166503906e+02 ]
         - [ 3.9269598388671875e+02, 2.4811587524414062e+02 ]
         - [ 4.1700561523437500e+02, 2.4750738525390625e+02 ]
         - [ 4.4138464355468750e+02, 2.4687844848632812e+02 ]
         - [ 4.6586911010742188e+02, 2.4616133117675781e+02 ]
         - [ 2.7156826782226562e+02, 2.7562527465820312e+02 ]
         - [ 2.9608007812500000e+02, 2.7494726562500000e+02 ]
         - [ 3.2056195068359375e+02, 2.7429623413085938e+02 ]
         - [ 3.4492880249023438e+02, 2.7367419433593750e+02 ]
         - [ 3.6919567871093750e+02, 2.7300921630859375e+02 ]
         - [ 3.9346234130859375e+02, 2.7240393066406250e+02 ]
         - [ 4.1778302001953125e+02, 2.7175036621093750e+02 ]
         - [ 4.4219738769531250e+02, 2.7107116699218750e+02 ]
         - [ 4.6673187255859375e+02, 2.7040997314453125e+02 ]
         - [ 2.7207949829101562e+02, 2.9998593139648438e+02 ]
         - [ 2.9665838623046875e+02, 2.9927755737304688e+02 ]
         - [ 3.2119836425781250e+02, 2.9870559692382812e+02 ]
         - [ 3.4558728027343750e+02, 2.9796997070312500e+02 ]
         - [ 3.6987591552734375e+02, 2.9732110595703125e+02 ]
         - [ 3.9421420288085938e+02, 2.9662698364257812e+02 ]
         - [ 4.1858020019531250e+02, 2.9601052856445312e+02 ]
         - [ 4.4307534790039062e+02, 2.9534509277343750e+02 ]
         - [ 4.6760861206054688e+02, 2.9470443725585938e+02 ]
         - [ 2.7263406372070312e+02, 3.2448886108398438e+02 ]
         - [ 2.9724230957031250e+02, 3.2380316162109375e+02 ]
         - [ 3.2185192871093750e+02, 3.2310330200195312e+02 ]
         - [ 3.4620889282226562e+02, 3.2243884277343750e+02 ]
         - [ 3.7063592529296875e+02, 3.2175927734375000e+02 ]
         - [ 3.9499273681640625e+02, 3.2106015014648438e+02 ]
         - [ 4.1940618896484375e+02, 3.2042855834960938e+02 ]
         - [ 4.4397366333007812e+02, 3.1978656005859375e+02 ]
         - [ 4.6858666992187500e+02, 3.1912442016601562e+02 ]
      reprojectPoint:
         - [ 2.7003897094726562e+02, 2.0279963684082031e+02 ]
         - [ 2.9435195922851562e+02, 2.0229609680175781e+02 ]
         - [ 3.1863226318359375e+02, 2.0176296997070312e+02 ]
         - [ 3.4288400268554688e+02, 2.0120060729980469e+02 ]
         - [ 3.6711065673828125e+02, 2.0060893249511719e+02 ]
         - [ 3.9131829833984375e+02, 1.9998738098144531e+02 ]
         - [ 4.1551846313476562e+02, 1.9933493041992188e+02 ]
         - [ 4.3972979736328125e+02, 1.9865019226074219e+02 ]
         - [ 4.6397839355468750e+02, 1.9793154907226562e+02 ]
         - [ 2.7057608032226562e+02, 2.2697944641113281e+02 ]
         - [ 2.9492782592773438e+02, 2.2645796203613281e+02 ]
         - [ 3.1924694824218750e+02, 2.2590823364257812e+02 ]
         - [ 3.4353750610351562e+02, 2.2533010864257812e+02 ]
         - [ 3.6780288696289062e+02, 2.2472372436523438e+02 ]
         - [ 3.9204916381835938e+02, 2.2408938598632812e+02 ]
         - [ 4.1628805541992188e+02, 2.2342744445800781e+02 ]
         - [ 4.4053845214843750e+02, 2.2273825073242188e+02 ]
         - [ 4.6482678222656250e+02, 2.2202197265625000e+02 ]
         - [ 2.7111401367187500e+02, 2.5121015930175781e+02 ]
         - [ 2.9550659179687500e+02, 2.5067019653320312e+02 ]
         - [ 3.1986578369140625e+02, 2.5010359191894531e+02 ]
         - [ 3.4419625854492188e+02, 2.4950971984863281e+02 ]
         - [ 3.6850201416015625e+02, 2.4888891601562500e+02 ]
         - [ 3.9278982543945312e+02, 2.4824230957031250e+02 ]
         - [ 4.1707189941406250e+02, 2.4757165527343750e+02 ]
         - [ 4.4136767578125000e+02, 2.4687896728515625e+02 ]
         - [ 4.6570382690429688e+02, 2.4616618347167969e+02 ]
         - [ 2.7165158081054688e+02, 2.7549755859375000e+02 ]
         - [ 2.9608764648437500e+02, 2.7493740844726562e+02 ]
         - [ 3.2048876953125000e+02, 2.7435321044921875e+02 ]
         - [ 3.4486090087890625e+02, 2.7374380493164062e+02 ]
         - [ 3.6920938110351562e+02, 2.7310971069335938e+02 ]
         - [ 3.9354217529296875e+02, 2.7245281982421875e+02 ]
         - [ 4.1787249755859375e+02, 2.7177612304687500e+02 ]
         - [ 4.4222045898437500e+02, 2.7108309936523438e+02 ]
         - [ 4.6661288452148438e+02, 2.7037725830078125e+02 ]
         - [ 2.7218640136718750e+02, 2.9985208129882812e+02 ]
         - [ 2.9666976928710938e+02, 2.9926901245117188e+02 ]
         - [ 3.2111596679687500e+02, 2.9866598510742188e+02 ]
         - [ 3.4553280639648438e+02, 2.9804141235351562e+02 ]
         - [ 3.6992758178710938e+02, 2.9739590454101562e+02 ]
         - [ 3.9430993652343750e+02, 2.9673193359375000e+02 ]
         - [ 4.1869448852539062e+02, 2.9605343627929688e+02 ]
         - [ 4.4310208129882812e+02, 2.9536511230468750e+02 ]
         - [ 4.6755938720703125e+02, 2.9467135620117188e+02 ]
