%YAML:1.0
---
FirstCameraName: Basler daA1280-54um (22503356)
FirstCameraIndex: 1
SecondCameraName: Basler daA1280-54um (22503357)
SecondCameraIndex: 0
Exposure: 4000.
Gain: 1.
Pattern: ChArUco
Row: 6
Col: 9
CheckerSize: 2.1000000000000001e-02
MarkerSize: 1.6000000000000000e-02
DictionaryName: DICT_5X5_100
isWebCamera: 0
isBaslerCamera: 1
SettingCalibration:
   isUseParametr: 0
   isFixedFocal: 0
   isFixedAspectRatio: 0
   isFixedPrincipalPoint: 0
   isfixedK1: 0
   isfixedK2: 0
   isfixedK3: 0
   isfixedK4: 0
   iszeroTangent: 0
   isCaibration: 1
   isStereoCaibration: 0
   numCamera: 1
   cameraModel: 0
   fx: 5.0025042807000000e+03
   fy: 4.8974570236999998e+03
   cx: 6.2601165770000000e+02
   cy: 7.0405645990000005e+02
   k1: -1.4147394000000000e+00
   k2: 1.4237690199999999e+01
   k3: -1.0443217600000000e+02
   k4: 0.
   isSameFocalLengStereo: 0
   isfixAspectRatioStereo: 0
   isfixFocalLengthStereo: 0
   isfixPrincipalPointStereo: 0
   isUseSingleCalibratedInStereo: 0
   iszeroTangentS: 0
   isfixedK1S: 0
   isfixedK2S: 0
   isfixedK3S: 0
   fx1: 5.0025042807000000e+03
   fy1: 4.8974570236999998e+03
   fx2: 1.5642540449000001e+03
   fy2: 1.5579467385999999e+03
   cx1: 6.2601165770000000e+02
   cy1: 7.0405645990000005e+02
   cx1: 6.2601165770000000e+02
   cx2: 6.5413125869999999e+02
   cy2: 4.8627837829999999e+02
   k1S1: -1.4147394000000000e+00
   k2S1: 1.4237690199999999e+01
   k3S1: -1.0443217600000000e+02
   k1S2: 0.
   k2S2: 0.
   k3S2: 1.1747424000000000e+00
ImageInfoCamera1:
   -
      isActive: 1
      isCalib: 1
      cameraPath: "D:/PRoG/Git-repos/Camera-calibration-With-OpenCV/DiplomTest/ChArUco/Camera1/Accumulated/1.png"
      drawPath: NONE
      undistortedPath: "D:/PRoG/Git-repos/Camera-calibration-With-OpenCV/DiplomTest/ChArUco/Camera1/Undistorted/1.png"
      state: Succes
      err: 1.4984648253914779e+00
      imgpoint:
         - [ 4.3498376464843750e+02, 8.4725384521484375e+02 ]
         - [ 4.8709252929687500e+02, 8.4556280517578125e+02 ]
         - [ 5.3901208496093750e+02, 8.4386132812500000e+02 ]
         - [ 5.9097015380859375e+02, 8.4211138916015625e+02 ]
         - [ 6.4276318359375000e+02, 8.4025561523437500e+02 ]
         - [ 6.9491326904296875e+02, 8.3835797119140625e+02 ]
         - [ 7.4690002441406250e+02, 8.3634588623046875e+02 ]
         - [ 7.9929968261718750e+02, 8.3447894287109375e+02 ]
         - [ 4.3289569091796875e+02, 7.9598321533203125e+02 ]
         - [ 4.8489892578125000e+02, 7.9419702148437500e+02 ]
         - [ 5.3702221679687500e+02, 7.9253704833984375e+02 ]
         - [ 5.8895568847656250e+02, 7.9077801513671875e+02 ]
         - [ 6.4092700195312500e+02, 7.8898114013671875e+02 ]
         - [ 6.9285552978515625e+02, 7.8697955322265625e+02 ]
         - [ 7.4522216796875000e+02, 7.8515441894531250e+02 ]
         - [ 7.9755889892578125e+02, 7.8312896728515625e+02 ]
         - [ 4.3080844116210938e+02, 7.4463812255859375e+02 ]
         - [ 4.8290512084960938e+02, 7.4290289306640625e+02 ]
         - [ 5.3498010253906250e+02, 7.4110028076171875e+02 ]
         - [ 5.8709997558593750e+02, 7.3923205566406250e+02 ]
         - [ 6.3898205566406250e+02, 7.3736425781250000e+02 ]
         - [ 6.9120672607421875e+02, 7.3554089355468750e+02 ]
         - [ 7.4342926025390625e+02, 7.3356311035156250e+02 ]
         - [ 7.9599731445312500e+02, 7.3169372558593750e+02 ]
         - [ 4.2864144897460938e+02, 6.9289813232421875e+02 ]
         - [ 4.8081896972656250e+02, 6.9118078613281250e+02 ]
         - [ 5.3298968505859375e+02, 6.8925714111328125e+02 ]
         - [ 5.8502111816406250e+02, 6.8754058837890625e+02 ]
         - [ 6.3713568115234375e+02, 6.8569873046875000e+02 ]
         - [ 6.8923541259765625e+02, 6.8371179199218750e+02 ]
         - [ 7.4179296875000000e+02, 6.8172375488281250e+02 ]
         - [ 7.9416418457031250e+02, 6.7979626464843750e+02 ]
         - [ 4.2653393554687500e+02, 6.4129650878906250e+02 ]
         - [ 4.7872427368164062e+02, 6.3942346191406250e+02 ]
         - [ 5.3085522460937500e+02, 6.3767657470703125e+02 ]
         - [ 5.8302911376953125e+02, 6.3587475585937500e+02 ]
         - [ 6.3517633056640625e+02, 6.3399700927734375e+02 ]
         - [ 6.8739697265625000e+02, 6.3209417724609375e+02 ]
         - [ 7.3993402099609375e+02, 6.3002777099609375e+02 ]
         - [ 7.9262225341796875e+02, 6.2811352539062500e+02 ]
      reprojectPoint:
         - [ 4.3525564575195312e+02, 8.4680316162109375e+02 ]
         - [ 4.8691702270507812e+02, 8.4530541992187500e+02 ]
         - [ 5.3874896240234375e+02, 8.4372723388671875e+02 ]
         - [ 5.9071618652343750e+02, 8.4206866455078125e+02 ]
         - [ 6.4278222656250000e+02, 8.4032934570312500e+02 ]
         - [ 6.9490863037109375e+02, 8.3850860595703125e+02 ]
         - [ 7.4705456542968750e+02, 8.3660534667968750e+02 ]
         - [ 7.9917602539062500e+02, 8.3461798095703125e+02 ]
         - [ 4.3312652587890625e+02, 7.9576733398437500e+02 ]
         - [ 4.8486114501953125e+02, 7.9417651367187500e+02 ]
         - [ 5.3676745605468750e+02, 7.9251721191406250e+02 ]
         - [ 5.8881054687500000e+02, 7.9078961181640625e+02 ]
         - [ 6.4095440673828125e+02, 7.8899389648437500e+02 ]
         - [ 6.9316119384765625e+02, 7.8712963867187500e+02 ]
         - [ 7.4539044189453125e+02, 7.8519641113281250e+02 ]
         - [ 7.9759881591796875e+02, 7.8319335937500000e+02 ]
         - [ 4.3100424194335938e+02, 7.4451965332031250e+02 ]
         - [ 4.8279858398437500e+02, 7.4283557128906250e+02 ]
         - [ 5.3476550292968750e+02, 7.4109460449218750e+02 ]
         - [ 5.8687048339843750e+02, 7.3929718017578125e+02 ]
         - [ 6.3907788085937500e+02, 7.3744366455078125e+02 ]
         - [ 6.9135003662109375e+02, 7.3553430175781250e+02 ]
         - [ 7.4364709472656250e+02, 7.3356909179687500e+02 ]
         - [ 7.9592590332031250e+02, 7.3154785156250000e+02 ]
         - [ 4.2889013671875000e+02, 6.9310089111328125e+02 ]
         - [ 4.8073092651367188e+02, 6.9132360839843750e+02 ]
         - [ 5.3274511718750000e+02, 6.8950061035156250e+02 ]
         - [ 5.8489837646484375e+02, 6.8763281250000000e+02 ]
         - [ 6.3715521240234375e+02, 6.8572082519531250e+02 ]
         - [ 6.8947833251953125e+02, 6.8376525878906250e+02 ]
         - [ 7.4182794189453125e+02, 6.8176678466796875e+02 ]
         - [ 7.9416125488281250e+02, 6.7972583007812500e+02 ]
         - [ 4.2678549194335938e+02, 6.4155059814453125e+02 ]
         - [ 4.7865972900390625e+02, 6.3968005371093750e+02 ]
         - [ 5.3070806884765625e+02, 6.3777508544921875e+02 ]
         - [ 5.8289617919921875e+02, 6.3583673095703125e+02 ]
         - [ 6.3518878173828125e+02, 6.3386596679687500e+02 ]
         - [ 6.8754852294921875e+02, 6.3186383056640625e+02 ]
         - [ 7.3993579101562500e+02, 6.2983154296875000e+02 ]
         - [ 7.9230792236328125e+02, 6.2777032470703125e+02 ]
      charucoIds: [ 0, 1, 2, 3, 4, 5, 6, 7, 8, 9, 10, 11, 12, 13, 14, 15,
          16, 17, 18, 19, 20, 21, 22, 23, 24, 25, 26, 27, 28, 29, 30, 31,
          32, 33, 34, 35, 36, 37, 38, 39 ]
   -
      isActive: 1
      isCalib: 1
      cameraPath: "D:/PRoG/Git-repos/Camera-calibration-With-OpenCV/DiplomTest/ChArUco/Camera1/Accumulated/2.png"
      drawPath: NONE
      undistortedPath: "D:/PRoG/Git-repos/Camera-calibration-With-OpenCV/DiplomTest/ChArUco/Camera1/Undistorted/2.png"
      state: Succes
      err: 1.8338867210759111e+00
      imgpoint:
         - [ 3.8996749877929688e+02, 6.4943389892578125e+02 ]
         - [ 4.4594180297851562e+02, 6.4982092285156250e+02 ]
         - [ 5.0127566528320312e+02, 6.5009399414062500e+02 ]
         - [ 5.5640765380859375e+02, 6.5059448242187500e+02 ]
         - [ 6.1108233642578125e+02, 6.5086865234375000e+02 ]
         - [ 6.6561511230468750e+02, 6.5112689208984375e+02 ]
         - [ 7.1988659667968750e+02, 6.5123071289062500e+02 ]
         - [ 7.7418041992187500e+02, 6.5156262207031250e+02 ]
         - [ 3.9074414062500000e+02, 5.9430950927734375e+02 ]
