%YAML:1.0
---
Date: "2022.02.6--17:30:52"
Pattern: Chessboard
SizePattern: "5 x 8"
CountPair: 8
RMSE: 1.5158982769216453e-01
AverageReprojectionErr: 1.7379741668701171e-01
cameraMatrixFirst: !!opencv-matrix
   rows: 3
   cols: 3
   dt: d
   data: [ 1.5589991788062716e+03, 0., 6.2061709127085442e+02, 0.,
       1.5548850258862285e+03, 5.0115483107910251e+02, 0., 0., 1. ]
cameraMatrixSecond: !!opencv-matrix
   rows: 3
   cols: 3
   dt: d
   data: [ 1.5448694499312728e+03, 0., 6.3578833532022145e+02, 0.,
       1.5396073566831549e+03, 4.9985844093699990e+02, 0., 0., 1. ]
DistCoeffsFirst: !!opencv-matrix
   rows: 1
   cols: 5
   dt: d
   data: [ -9.5465576758267626e-02, 2.9224692214497167e-01,
       3.4221996294012591e-04, 1.0353877708435425e-04,
       -6.3572500526109188e-01 ]
DistCoeffsSecond: !!opencv-matrix
   rows: 1
   cols: 5
   dt: d
   data: [ -9.7174536351621404e-02, 1.0978578086993761e-01,
       4.0182806687883002e-04, -1.0987156176596128e-03,
       3.8790640050243891e-01 ]
R: !!opencv-matrix
   rows: 3
   cols: 3
   dt: d
   data: [ 9.9954830080729362e-01, -6.3218068238694153e-04,
       -3.0046542244270648e-02, 7.7441598473540669e-04,
       9.9998854939465831e-01, 4.7224315187845188e-03,
       3.0043212763193453e-02, -4.7435669228798648e-03,
       9.9953734494500690e-01 ]
T: !!opencv-matrix
   rows: 3
   cols: 1
   dt: d
   data: [ 1.4895621887166940e-01, -4.8299992643183003e-04,
       -6.8822672069531370e-03 ]
E: !!opencv-matrix
   rows: 3
   cols: 3
   dt: d
   data: [ -9.1811318181134441e-06, 6.8844795433022701e-03,
       -4.5027542849549243e-04, -1.1354281868374142e-02,
       7.1093462917616547e-04, -1.4868051519166567e-01,
       5.9813583267495022e-04, 1.4895420788957081e-01,
       6.8892306522502333e-04 ]
F: !!opencv-matrix
   rows: 3
   cols: 3
   dt: d
   data: [ -9.1450192486003298e-09, 6.8755448625843392e-06,
       -4.1392548657103404e-03, -1.1348275742598546e-05,
       7.1243866753572370e-07, -2.2498429680090112e-01,
       6.5987529152319886e-03, 2.2508865240304679e-01, 1. ]
R1: !!opencv-matrix
   rows: 3
   cols: 3
   dt: d
   data: [ 9.9708876107627575e-01, -3.6516234381197194e-03,
       -7.6162117759707645e-02, 3.8307597904883670e-03,
       9.9999022919605063e-01, 2.2060806552930503e-03,
       7.6153317818759392e-02, -2.4914170056928153e-03,
       9.9709300720970795e-01 ]
R2: !!opencv-matrix
   rows: 3
   cols: 3
   dt: d
   data: [ 9.9892909366231786e-01, -3.2390905354893131e-03,
       -4.6153809457974336e-02, 3.1305698383067228e-03,
       9.9999216336902552e-01, -2.4233722420599359e-03,
       4.6161297289694772e-02, 2.2762893135552598e-03,
       9.9893140562277516e-01 ]
P1: !!opencv-matrix
   rows: 3
   cols: 4
   dt: d
   data: [ 1.5472461912846916e+03, 0., 7.5865650939941406e+02, 0., 0.,
       1.5472461912846916e+03, 5.0136437606811523e+02, 0., 0., 0., 1.,
       0. ]
P2: !!opencv-matrix
   rows: 3
   cols: 4
   dt: d
   data: [ 1.5472461912846916e+03, 0., 7.1871060180664062e+02,
       2.3071902077893535e+02, 0., 1.5472461912846916e+03,
       5.0136437606811523e+02, 0., 0., 0., 1., 0. ]
Q: !!opencv-matrix
   rows: 4
   cols: 4
   dt: d
   data: [ 1., 0., 0., -7.5865650939941406e+02, 0., 1., 0.,
       -5.0136437606811523e+02, 0., 0., 0., 1.5472461912846916e+03, 0.,
       0., -6.7061926063182868e+00, 2.6788495015133077e+02 ]
ImgSize: [ 1280, 960 ]
