%YAML:1.0
---
FirstCameraName: Basler daA1280-54um (22503356)
FirstCameraIndex: 1
SecondCameraName: Basler daA1280-54um (22503357)
SecondCameraIndex: 0
Exposure: 4000.
Gain: 1.
Pattern: Chessboard
Row: 5
Col: 8
CheckerSize: 2.0000000000000000e-02
MarkerSize: 0.
DictionaryName: NULL
isWebCamera: 0
isBaslerCamera: 1
SettingCalibration:
   isUseParametr: 0
   isFixedFocal: 0
   isFixedAspectRatio: 0
   isFixedPrincipalPoint: 0
   isfixedK1: 0
   isfixedK2: 0
   isfixedK3: 0
   isfixedK4: 0
   iszeroTangent: 0
   isCaibration: 0
   isStereoCaibration: 1
   numCamera: 1
   cameraModel: 0
   fx: 2.7049361116999999e+03
   fy: 2.7019335053000000e+03
   cx: 5.3996348890000002e+02
   cy: 5.3204304930000001e+02
   k1: 0.
   k2: 0.
   k3: 0.
   k4: 0.
   isSameFocalLengStereo: 0
   isfixAspectRatioStereo: 0
   isfixFocalLengthStereo: 0
   isfixPrincipalPointStereo: 0
   isUseSingleCalibratedInStereo: 0
   iszeroTangentS: 0
   isfixedK1S: 0
   isfixedK2S: 0
   isfixedK3S: 0
   fx1: 2.7049361116999999e+03
   fy1: 2.7019335053000000e+03
   fx2: 1.6525877108000000e+03
   fy2: 1.6475750433000001e+03
   cx1: 5.3996348890000002e+02
   cy1: 5.3204304930000001e+02
   cx1: 5.3996348890000002e+02
   cx2: 6.7729589669999996e+02
   cy2: 4.6833581509999999e+02
   k1S1: 0.
   k2S1: 0.
   k3S1: 0.
   k1S2: -1.0236600000000000e-01
   k2S2: 7.1480180000000004e-01
   k3S2: -1.6170981000000000e+00
ImageInfoCamera1:
   -
      isActive: 1
      isCalib: 1
      cameraPath: "D:/PRoG/Git-repos/Camera-calibration-With-OpenCV/DiplomTest/Chess/Camera1/Accumulated/1.png"
      drawPath: NONE
      undistortedPath: "D:/PRoG/Git-repos/Camera-calibration-With-OpenCV/DiplomTest/Chess/Camera1/Undistorted/1.png"
      state: Succes
      err: 9.3418715882947490e-01
      imgpoint:
         - [ 3.2872817993164062e+02, 5.0014630126953125e+02 ]
         - [ 3.7318200683593750e+02, 4.9938500976562500e+02 ]
         - [ 4.1774200439453125e+02, 4.9858084106445312e+02 ]
         - [ 4.6261209106445312e+02, 4.9788769531250000e+02 ]
         - [ 5.0757843017578125e+02, 4.9712106323242188e+02 ]
         - [ 5.5299957275390625e+02, 4.9643820190429688e+02 ]
         - [ 5.9871679687500000e+02, 4.9557843017578125e+02 ]
         - [ 6.4467706298828125e+02, 4.9480969238281250e+02 ]
         - [ 3.2905926513671875e+02, 5.4524945068359375e+02 ]
         - [ 3.7359109497070312e+02, 5.4459167480468750e+02 ]
         - [ 4.1829968261718750e+02, 5.4399627685546875e+02 ]
         - [ 4.6319882202148438e+02, 5.4339349365234375e+02 ]
         - [ 5.0821392822265625e+02, 5.4277410888671875e+02 ]
         - [ 5.5354351806640625e+02, 5.4209863281250000e+02 ]
         - [ 5.9928619384765625e+02, 5.4141357421875000e+02 ]
         - [ 6.4541693115234375e+02, 5.4075085449218750e+02 ]
         - [ 3.2947698974609375e+02, 5.9040960693359375e+02 ]
         - [ 3.7397729492187500e+02, 5.8992559814453125e+02 ]
         - [ 4.1878945922851562e+02, 5.8943664550781250e+02 ]
         - [ 4.6373855590820312e+02, 5.8887188720703125e+02 ]
         - [ 5.0875616455078125e+02, 5.8839471435546875e+02 ]
         - [ 5.5425524902343750e+02, 5.8779681396484375e+02 ]
         - [ 5.9994653320312500e+02, 5.8727197265625000e+02 ]
         - [ 6.4602673339843750e+02, 5.8667724609375000e+02 ]
         - [ 3.2982214355468750e+02, 6.3562969970703125e+02 ]
         - [ 3.7448056030273438e+02, 6.3530346679687500e+02 ]
         - [ 4.1933474731445312e+02, 6.3484436035156250e+02 ]
         - [ 4.6430557250976562e+02, 6.3448919677734375e+02 ]
         - [ 5.0935626220703125e+02, 6.3409625244140625e+02 ]
         - [ 5.5479016113281250e+02, 6.3367388916015625e+02 ]
         - [ 6.0053991699218750e+02, 6.3321008300781250e+02 ]
         - [ 6.4669799804687500e+02, 6.3274676513671875e+02 ]
         - [ 3.3022311401367188e+02, 6.8082098388671875e+02 ]
         - [ 3.7492593383789062e+02, 6.8054815673828125e+02 ]
         - [ 4.1979077148437500e+02, 6.8033233642578125e+02 ]
         - [ 4.6482012939453125e+02, 6.8003613281250000e+02 ]
         - [ 5.0989526367187500e+02, 6.7969622802734375e+02 ]
         - [ 5.5532257080078125e+02, 6.7939501953125000e+02 ]
         - [ 6.0118322753906250e+02, 6.7899102783203125e+02 ]
         - [ 6.4734405517578125e+02, 6.7862280273437500e+02 ]
      reprojectPoint:
         - [ 6.4442041015625000e+02, 4.9488339233398438e+02 ]
         - [ 6.4510534667968750e+02, 5.4074731445312500e+02 ]
         - [ 6.4578253173828125e+02, 5.8669030761718750e+02 ]
         - [ 6.4645178222656250e+02, 6.3270086669921875e+02 ]
         - [ 6.4711291503906250e+02, 6.7876721191406250e+02 ]
         - [ 5.9868566894531250e+02, 4.9562808227539062e+02 ]
         - [ 5.9932757568359375e+02, 5.4139538574218750e+02 ]
         - [ 5.9996551513671875e+02, 5.8724127197265625e+02 ]
         - [ 6.0059942626953125e+02, 6.3315441894531250e+02 ]
         - [ 6.0122900390625000e+02, 6.7912316894531250e+02 ]
         - [ 5.5314337158203125e+02, 4.9637258911132812e+02 ]
         - [ 5.5374249267578125e+02, 5.4203979492187500e+02 ]
         - [ 5.5434155273437500e+02, 5.8778527832031250e+02 ]
         - [ 5.5494024658203125e+02, 6.3359753417968750e+02 ]
         - [ 5.5553857421875000e+02, 6.7946520996093750e+02 ]
         - [ 5.0780364990234375e+02, 4.9711672973632812e+02 ]
         - [ 5.0836038208007812e+02, 5.4268054199218750e+02 ]
         - [ 5.0892071533203125e+02, 5.8832214355468750e+02 ]
         - [ 5.0948455810546875e+02, 6.3403021240234375e+02 ]
         - [ 5.1005172729492188e+02, 6.7979339599609375e+02 ]
         - [ 4.6267630004882812e+02, 4.9786032104492188e+02 ]
         - [ 4.6319100952148438e+02, 5.4331738281250000e+02 ]
         - [ 4.6371298217773438e+02, 5.8885186767578125e+02 ]
         - [ 4.6424218750000000e+02, 6.3445245361328125e+02 ]
         - [ 4.6477847290039062e+02, 6.8010784912109375e+02 ]
         - [ 4.1777096557617188e+02, 4.9860314941406250e+02 ]
         - [ 4.1824398803710938e+02, 5.4395031738281250e+02 ]
         - [ 4.1872796630859375e+02, 5.8937445068359375e+02 ]
         - [ 4.1922283935546875e+02, 6.3486431884765625e+02 ]
         - [ 4.1972845458984375e+02, 6.8040869140625000e+02 ]
         - [ 3.7309686279296875e+02, 4.9934500122070312e+02 ]
         - [ 3.7352865600585938e+02, 5.4457916259765625e+02 ]
         - [ 3.7397497558593750e+02, 5.8988977050781250e+02 ]
         - [ 3.7443579101562500e+02, 6.3526574707031250e+02 ]
         - [ 3.7491104125976562e+02, 6.8069586181640625e+02 ]
         - [ 3.2866302490234375e+02, 5.0008572387695312e+02 ]
         - [ 3.2905398559570312e+02, 5.4520373535156250e+02 ]
         - [ 3.2946304321289062e+02, 5.9039776611328125e+02 ]
         - [ 3.2989013671875000e+02, 6.3565679931640625e+02 ]
         - [ 3.3033523559570312e+02, 6.8096966552734375e+02 ]
      charucoIds: []
   -
      isActive: 1
      isCalib: 1
      cameraPath: "D:/PRoG/Git-repos/Camera-calibration-With-OpenCV/DiplomTest/Chess/Camera1/Accumulated/2.png"
      drawPath: NONE
      undistortedPath: "D:/PRoG/Git-repos/Camera-calibration-With-OpenCV/DiplomTest/Chess/Camera1/Undistorted/2.png"
      state: Succes
      err: 9.9790825879673639e-01
      imgpoint:
         - [ 3.1386166381835938e+02, 2.9203927612304688e+02 ]
         - [ 3.5993154907226562e+02, 2.8927005004882812e+02 ]
         - [ 4.0602343750000000e+02, 2.8648190307617188e+02 ]
         - [ 4.5224877929687500e+02, 2.8387011718750000e+02 ]
         - [ 4.9847857666015625e+02, 2.8124459838867188e+02 ]
         - [ 5.4506085205078125e+02, 2.7864947509765625e+02 ]
         - [ 5.9192077636718750e+02, 2.7616384887695312e+02 ]
         - [ 6.3893719482421875e+02, 2.7348294067382812e+02 ]
         - [ 3.1513201904296875e+02, 3.3785650634765625e+02 ]
         - [ 3.6131295776367188e+02, 3.3511608886718750e+02 ]
         - [ 4.0759674072265625e+02, 3.3245257568359375e+02 ]
         - [ 4.5392846679687500e+02, 3.2989709472656250e+02 ]
         - [ 5.0035079956054688e+02, 3.2743435668945312e+02 ]
         - [ 5.4703002929687500e+02, 3.2479440307617188e+02 ]
